32,
32,
32,
32,
32,
32,
32,
23,
106,
255,
253,
192,
202,
67,
114,
255,
255,
152,
0,
0,
27,
43,
94,
181,
165,
0,
0,
31,
32,
32,
32,
0,
0,
32,
32,
32,
32,
0,
0,
0,
32,
32,
32,
76,
255,
0,
28,
32,
32,
0,
0,
0,
0,
0,
0,
0,
0,
0,
0,
0,
0,
12,
0,
0,
15,
0,
0,
0,
255,
2,
0,
0,
0,
0,
255,
255,
0,
0,
0,
0,
203,
255,
0,
0,
0,
0,
0,
255,
255,
0,
0,
0,
0,
159,
255,
0,
0,
0,
0,
0,
0,
0,
0,
0,
0,
23,
108,
20,
75,
84,
6,
0,
11,
171,
193,
255,
218,
92,
11,
1,
30,
36,
40,
227,
190,
0,
0,
0,
44,
34,
255,
0,
0,
0,
7,
42,
255,
255,
0,
0,
0,
0,
222,
255,
0,
0,
0,
4,
0,
0,
0,
0,
0,
0,
46,
0,
0,
0,
0,
85,
28,
76,
71,
0,
0,
0,
252,
51,
7,
10,
0,
172,
255,
255,
5,
4,
0,
93,
134,
255,
142,
0,
4,
15,
158,
255,
255,
1,
0,
4,
52,
222,
255,
124,
0,
0,
0,
0,
0,
0,
0,
0,
1,
0,
208,
255,
255,
255,
255,
18,
0,
0,
0,
0,
255,
249,
32,
0,
0,
0,
196,
129,
0,
0,
0,
0,
68,
255,
0,
0,
0,
0,
0,
246,
245,
0,
0,
0,
4,
0,
8,
0,
0,
0,
0,
0,
0,
0,
0,
0,
0,
0,
0,
142,
130,
0,
0,
0,
0,
0,
0,
104,
19,
120,
9,
0,
0,
0,
0,
0,
0,
0,
0,
0,
0,
0,
0,
0,
0,
0,
0,
0,
12,
61,
0,
0,
0,
0,
0,
45,
65,
0,
0,
0,
0,
0,
0,
0,
0,
0,
0,
0,
107,
232,
153,
94,
0,
0,
0,
224,
255,
255,
255,
186,
0,
0,
0,
0,
0,
0,
0,
0,
0,
0,
0,
0,
0,
0,
0,
0,
0,
0,
0,
0,
0,
0,
0,
0,
5,
67,
19,
0,
0,
2,
0,
0,
0,
0,
0,
0,
60,
177,
0,
0,
0,
0,
0,
55,
255,
255,
255,
255,
5,
4,
0,
0,
0,
0,
0,
2,
0,
0,
0,
0,
0,
0,
2,
0,
0,
0,
2,
0,
2,
0,
0,
2,
51,
216,
115,
18,
2,
2,
0,
0,
0,
0,
0,
0,
0,
0,
51,
17,
34,
16,
95,
0,
0,
93,
176,
143,
222,
60,
0,
0,
0,
0,
29,
47,
30,
0,
0,
0,
0,
0,
5,
0,
0,
0,
0,
0,
0,
50,
0,
0,
0,
0,
22,
80,
0,
0,
0,
0,
0,
0,
0,
0,
0,
17,
0,
54,
0,
0,
0,
0,
17,
0,
0,
0,
0,
0,
0,
17,
0,
0,
0,
0,
217,
1,
17,
0,
0,
0,
182,
235,
0,
17,
0,
0,
80,
255,
0,
0,
17,
5,
5,
153,
194,
5,
5,
18,
0,
0,
0,
0,
0,
0,
0,
0,
141,
255,
115,
33,
17,
0,
0,
255,
255,
255,
255,
255,
23,
0,
0,
0,
0,
173,
43,
0,
0,
0,
0,
255,
213,
0,
0,
0,
0,
54,
254,
0,
0,
0,
0,
5,
255,
255,
0,
0,
0,
14,
6,
6,
6,
6,
6,
6,
66,
255,
255,
237,
239,
92,
0,
12,
102,
209,
255,
255,
61,
51,
12,
38,
126,
255,
0,
169,
42,
12,
0,
132,
110,
76,
182,
0,
12,
38,
129,
0,
209,
36,
0,
12,
0,
0,
255,
132,
0,
0,
100,
100,
100,
100,
100,
100,
100,
108,
241,
255,
226,
255,
197,
103,
100,
167,
120,
0,
0,
0,
87,
106,
157,
255,
255,
169,
87,
116,
100,
100,
109,
18,
0,
132,
100,
100,
102,
70,
0,
135,
123,
100,
100,
100,
0,
0,
109,
100,
100,
8,
8,
8,
8,
8,
8,
8,
0,
0,
0,
22,
30,
31,
0,
35,
255,
255,
255,
255,
0,
0,
0,
21,
101,
131,
66,
0,
0,
0,
0,
0,
0,
0,
4,
0,
0,
0,
0,
0,
4,
1,
0,
0,
0,
255,
176,
0,
0,
0,
7,
3,
3,
3,
3,
3,
4,
7,
0,
0,
35,
34,
28,
0,
25,
255,
255,
255,
225,
36,
10,
7,
12,
53,
61,
0,
48,
13,
7,
0,
2,
0,
0,
41,
0,
7,
2,
0,
0,
50,
10,
0,
7,
2,
255,
158,
36,
0,
0,
0,
0,
0,
0,
0,
0,
0,
0,
0,
0,
0,
0,
0,
0,
4,
255,
255,
255,
255,
153,
0,
0,
0,
57,
80,
30,
0,
0,
0,
0,
0,
0,
0,
0,
0,
0,
0,
0,
28,
13,
0,
0,
0,
0,
255,
220,
19,
0,
0,
0,
0,
0,
0,
0,
0,
0,
0,
255,
255,
255,
255,
255,
0,
0,
0,
255,
255,
255,
255,
33,
0,
0,
0,
0,
29,
0,
0,
0,
0,
0,
53,
15,
0,
0,
0,
0,
18,
63,
15,
0,
0,
0,
0,
65,
109,
41,
0,
0,
9,
9,
9,
9,
9,
9,
9,
67,
255,
0,
0,
0,
0,
0,
32,
14,
0,
0,
84,
0,
0,
0,
0,
0,
255,
255,
38,
19,
0,
0,
169,
255,
0,
36,
0,
0,
9,
255,
11,
47,
19,
0,
0,
48,
191,
0,
30,
0,
0,
0,
0,
0,
0,
0,
0,
0,
0,
28,
69,
5,
0,
0,
0,
0,
41,
254,
153,
141,
155,
0,
0,
0,
0,
0,
0,
37,
0,
0,
0,
0,
0,
25,
1,
0,
0,
0,
0,
40,
33,
0,
0,
0,
0,
0,
110,
1,
0,
0,
0,
0,
0,
0,
0,
0,
0,
0,
14,
0,
0,
0,
52,
0,
0,
55,
0,
0,
240,
134,
0,
0,
0,
0,
99,
255,
24,
0,
0,
0,
0,
255,
255,
0,
0,
0,
0,
216,
255,
0,
0,
0,
0,
0,
255,
179,
0,
0,
0,
