14,
14,
14,
14,
14,
14,
14,
14,
14,
14,
14,
14,
14,
14,
14,
14,
14,
14,
14,
14,
14,
14,
14,
14,
14,
14,
14,
14,
14,
14,
14,
14,
14,
14,
14,
14,
14,
14,
14,
14,
14,
14,
14,
14,
107,
192,
147,
123,
128,
128,
128,
128,
71,
15,
14,
14,
14,
14,
62,
87,
0,
103,
151,
156,
155,
151,
88,
14,
14,
14,
14,
14,
14,
14,
14,
12,
0,
0,
66,
146,
0,
14,
14,
14,
14,
14,
14,
14,
14,
14,
14,
36,
177,
156,
0,
14,
14,
14,
14,
14,
14,
14,
14,
14,
14,
103,
164,
0,
14,
14,
14,
14,
14,
14,
14,
14,
14,
14,
41,
181,
113,
0,
14,
14,
14,
14,
14,
14,
14,
14,
14,
15,
173,
185,
0,
14,
14,
14,
14,
14,
14,
14,
14,
14,
14,
106,
191,
0,
2,
14,
14,
14,
14,
14,
14,
14,
14,
14,
36,
174,
176,
0,
14,
14,
14,
14,
14,
14,
14,
14,
14,
14,
69,
160,
0,
0,
14,
14,
14,
14,
14,
14,
14,
14,
14,
14,
17,
0,
0,
14,
14,
14,
14,
14,
14,
14,
14,
14,
14,
14,
14,
14,
14,
14,
14,
14,
14,
14,
14,
14,
14,
14,
14,
14,
14,
14,
14,
14,
14,
14,
14,
14,
14,
14,
14,
14,
14,
14,
14,
14,
14,
14,
14,
14,
14,
14,
14,
14,
14,
14,
60,
234,
255,
202,
136,
115,
115,
115,
94,
28,
14,
14,
14,
14,
48,
70,
111,
245,
255,
255,
255,
255,
230,
66,
14,
14,
14,
14,
14,
14,
14,
9,
0,
0,
9,
56,
20,
14,
14,
14,
14,
14,
14,
14,
14,
14,
14,
21,
97,
109,
0,
14,
14,
14,
14,
14,
14,
14,
14,
14,
14,
52,
98,
15,
14,
14,
14,
14,
14,
14,
14,
14,
14,
14,
23,
112,
80,
0,
14,
14,
14,
14,
14,
14,
14,
14,
14,
14,
102,
129,
27,
14,
14,
14,
14,
14,
14,
14,
14,
14,
14,
52,
113,
101,
2,
14,
14,
14,
14,
14,
14,
14,
14,
14,
21,
107,
133,
34,
14,
14,
14,
14,
14,
14,
14,
14,
14,
14,
43,
99,
85,
52,
14,
14,
14,
14,
14,
14,
14,
14,
14,
14,
14,
0,
0,
14,
14,
14,
14,
14,
14,
14,
0,
0,
0,
0,
0,
0,
0,
0,
0,
0,
0,
0,
0,
0,
0,
0,
0,
0,
0,
0,
0,
0,
0,
0,
0,
0,
0,
0,
0,
0,
0,
0,
0,
0,
0,
0,
0,
0,
0,
0,
0,
0,
0,
0,
0,
136,
127,
85,
49,
39,
39,
39,
22,
0,
0,
0,
0,
0,
9,
117,
93,
114,
138,
144,
143,
138,
122,
0,
0,
0,
0,
0,
0,
0,
0,
0,
0,
3,
0,
247,
132,
0,
0,
0,
0,
0,
0,
0,
0,
0,
0,
0,
160,
248,
0,
0,
0,
0,
0,
0,
0,
0,
0,
0,
0,
0,
231,
186,
0,
0,
0,
0,
0,
0,
0,
0,
0,
0,
0,
152,
243,
0,
0,
0,
0,
0,
0,
0,
0,
0,
0,
0,
34,
253,
157,
0,
0,
0,
0,
0,
0,
0,
0,
0,
0,
0,
255,
244,
0,
0,
0,
0,
0,
0,
0,
0,
0,
0,
0,
158,
255,
16,
0,
0,
0,
0,
0,
0,
0,
0,
0,
0,
0,
229,
229,
0,
0,
0,
0,
0,
0,
0,
0,
0,
0,
0,
0,
98,
21,
0,
0,
0,
0,
0,
0,
0,
0,
0,
0,
0,
0,
0,
0,
0,
0,
0,
0,
0,
0,
0,
0,
0,
0,
0,
0,
0,
0,
0,
0,
0,
0,
0,
0,
0,
0,
0,
0,
0,
0,
0,
0,
0,
0,
0,
0,
0,
0,
0,
0,
0,
7,
144,
220,
231,
166,
133,
133,
133,
78,
0,
0,
0,
0,
0,
0,
0,
22,
172,
203,
197,
195,
194,
198,
66,
0,
0,
0,
0,
0,
0,
0,
0,
0,
0,
0,
0,
125,
31,
0,
0,
0,
0,
0,
0,
0,
0,
0,
0,
10,
46,
111,
0,
0,
0,
0,
0,
0,
0,
0,
0,
0,
0,
0,
78,
6,
0,
0,
0,
0,
0,
0,
0,
0,
0,
0,
18,
65,
94,
0,
0,
0,
0,
0,
0,
0,
0,
0,
0,
18,
0,
89,
10,
0,
0,
0,
0,
0,
0,
0,
0,
0,
24,
0,
47,
55,
0,
0,
0,
0,
0,
0,
0,
0,
0,
0,
3,
83,
165,
0,
0,
0,
0,
0,
0,
0,
0,
0,
0,
0,
0,
97,
176,
0,
0,
0,
0,
0,
0,
0,
0,
0,
0,
0,
0,
0,
0,
0,
0,
0,
0,
0,
0,
0,
0,
0,
0,
0,
0,
0,
0,
0,
0,
0,
0,
0,
0,
0,
0,
0,
0,
0,
0,
0,
0,
0,
0,
0,
0,
0,
0,
0,
0,
0,
0,
0,
0,
0,
0,
0,
0,
0,
0,
0,
0,
0,
0,
38,
157,
180,
129,
69,
59,
59,
59,
44,
1,
0,
0,
0,
0,
60,
195,
217,
219,
210,
199,
199,
239,
219,
41,
0,
0,
0,
0,
0,
12,
5,
36,
58,
66,
64,
189,
197,
34,
0,
0,
0,
0,
0,
0,
0,
0,
0,
4,
137,
196,
124,
1,
0,
0,
0,
0,
0,
0,
0,
0,
0,
48,
184,
169,
33,
0,
0,
0,
0,
0,
0,
0,
0,
0,
5,
137,
172,
108,
0,
0,
0,
0,
0,
0,
0,
0,
0,
0,
117,
197,
166,
23,
0,
0,
0,
0,
0,
0,
0,
0,
0,
31,
175,
210,
94,
0,
0,
0,
0,
0,
0,
0,
0,
0,
4,
138,
213,
130,
4,
0,
0,
0,
0,
0,
0,
0,
0,
0,
37,
207,
247,
102,
0,
0,
0,
0,
0,
0,
0,
0,
0,
0,
25,
129,
115,
20,
0,
0,
0,
0,
0,
0,
78,
78,
78,
78,
78,
78,
78,
78,
78,
78,
78,
78,
78,
78,
78,
78,
78,
78,
78,
78,
78,
78,
78,
78,
78,
78,
78,
78,
78,
78,
78,
78,
78,
78,
78,
78,
78,
78,
78,
78,
78,
78,
78,
78,
100,
79,
23,
59,
78,
78,
78,
78,
78,
78,
78,
78,
78,
78,
119,
71,
0,
0,
0,
0,
0,
0,
0,
78,
78,
78,
78,
78,
78,
78,
78,
78,
63,
63,
74,
67,
0,
78,
78,
78,
78,
78,
78,
78,
78,
78,
78,
80,
108,
15,
55,
78,
78,
78,
78,
78,
78,
78,
78,
78,
78,
107,
104,
0,
78,
78,
78,
78,
78,
78,
78,
78,
78,
78,
80,
105,
11,
66,
78,
78,
78,
78,
78,
78,
78,
78,
78,
78,
96,
87,
0,
78,
78,
78,
78,
78,
78,
78,
78,
78,
78,
88,
117,
0,
71,
78,
78,
78,
78,
78,
78,
78,
78,
78,
80,
104,
22,
35,
78,
78,
78,
78,
78,
78,
78,
78,
78,
78,
103,
104,
0,
62,
78,
78,
78,
78,
78,
78,
78,
78,
78,
78,
99,
84,
33,
78,
78,
78,
78,
78,
78,
78,
0,
0,
0,
0,
0,
0,
0,
0,
0,
0,
0,
0,
0,
0,
0,
0,
0,
0,
0,
0,
0,
0,
0,
0,
0,
0,
0,
0,
0,
0,
0,
0,
0,
0,
0,
0,
0,
0,
0,
0,
0,
0,
0,
0,
0,
0,
0,
0,
0,
0,
0,
0,
0,
0,
0,
0,
0,
0,
76,
215,
254,
255,
231,
208,
212,
182,
49,
25,
0,
0,
0,
0,
18,
62,
87,
181,
225,
228,
225,
185,
133,
67,
0,
0,
0,
0,
0,
0,
0,
0,
0,
0,
0,
141,
133,
8,
0,
0,
0,
0,
0,
0,
0,
0,
0,
2,
70,
152,
111,
0,
0,
0,
0,
0,
0,
0,
0,
0,
0,
0,
113,
137,
3,
0,
0,
0,
0,
0,
0,
0,
0,
0,
0,
85,
140,
82,
0,
0,
0,
0,
0,
0,
0,
0,
0,
0,
33,
155,
141,
0,
0,
0,
0,
0,
0,
0,
0,
0,
0,
0,
73,
141,
33,
0,
0,
0,
0,
0,
0,
0,
0,
0,
22,
59,
185,
132,
0,
0,
0,
0,
0,
0,
0,
0,
0,
0,
65,
213,
221,
100,
0,
0,
0,
0,
0,
0,
0,
0,
0,
0,
0,
0,
0,
0,
0,
0,
0,
0,
0,
0,
0,
0,
0,
0,
0,
0,
0,
0,
0,
0,
0,
0,
0,
0,
0,
0,
0,
0,
0,
0,
0,
0,
0,
0,
0,
0,
0,
0,
0,
0,
0,
25,
80,
81,
52,
21,
21,
37,
98,
21,
0,
0,
0,
0,
0,
58,
61,
47,
89,
68,
96,
63,
239,
92,
0,
0,
0,
0,
0,
0,
5,
0,
19,
24,
25,
121,
240,
49,
0,
0,
0,
0,
0,
0,
0,
0,
0,
0,
0,
227,
212,
0,
0,
0,
0,
0,
0,
0,
0,
0,
0,
0,
144,
247,
35,
0,
0,
0,
0,
0,
0,
0,
0,
0,
0,
0,
235,
173,
0,
0,
0,
0,
0,
0,
0,
0,
0,
0,
0,
204,
244,
29,
0,
0,
0,
0,
0,
0,
0,
0,
0,
0,
74,
233,
117,
0,
0,
0,
0,
0,
0,
0,
0,
0,
0,
0,
246,
223,
4,
0,
0,
0,
0,
0,
0,
0,
0,
0,
0,
6,
246,
205,
0,
0,
0,
0,
0,
0,
0,
0,
0,
0,
0,
20,
105,
18,
0,
0,
0,
0,
0,
0,
48,
48,
48,
48,
48,
48,
48,
48,
48,
48,
48,
48,
48,
48,
48,
48,
48,
48,
48,
48,
48,
48,
48,
48,
48,
48,
48,
48,
48,
48,
48,
48,
48,
48,
48,
48,
48,
48,
48,
48,
48,
48,
48,
48,
156,
182,
63,
42,
74,
74,
74,
74,
48,
48,
48,
48,
48,
48,
140,
185,
2,
45,
73,
77,
69,
73,
0,
48,
48,
48,
48,
48,
62,
63,
48,
59,
35,
47,
127,
210,
0,
48,
48,
48,
48,
48,
48,
48,
48,
48,
48,
72,
229,
203,
0,
48,
48,
48,
48,
48,
48,
48,
48,
48,
48,
172,
239,
0,
48,
48,
48,
48,
48,
48,
48,
48,
48,
48,
79,
216,
176,
23,
48,
48,
48,
48,
48,
48,
48,
48,
48,
50,
201,
217,
0,
48,
48,
48,
48,
48,
48,
48,
48,
48,
48,
146,
235,
21,
32,
48,
48,
48,
48,
48,
48,
48,
48,
48,
73,
226,
211,
0,
48,
48,
48,
48,
48,
48,
48,
48,
48,
48,
136,
246,
19,
12,
48,
48,
48,
48,
48,
48,
48,
48,
48,
48,
99,
146,
0,
48,
48,
48,
48,
48,
48,
48,
0,
0,
0,
0,
0,
0,
0,
0,
0,
0,
0,
0,
0,
0,
0,
0,
0,
0,
0,
0,
0,
0,
0,
0,
0,
0,
0,
0,
0,
0,
0,
0,
0,
0,
0,
0,
0,
0,
0,
0,
0,
0,
0,
0,
0,
9,
24,
0,
0,
0,
0,
0,
0,
0,
0,
0,
0,
0,
63,
213,
232,
255,
255,
252,
255,
221,
174,
38,
0,
0,
0,
0,
17,
58,
82,
161,
196,
212,
210,
200,
235,
55,
0,
0,
0,
0,
0,
0,
0,
0,
0,
0,
62,
219,
166,
4,
0,
0,
0,
0,
0,
0,
0,
0,
0,
0,
198,
231,
78,
0,
0,
0,
0,
0,
0,
0,
0,
0,
0,
53,
209,
157,
1,
0,
0,
0,
0,
0,
0,
0,
0,
0,
0,
218,
215,
55,
0,
0,
0,
0,
0,
0,
0,
0,
0,
0,
152,
250,
145,
0,
0,
0,
0,
0,
0,
0,
0,
0,
0,
63,
212,
195,
19,
0,
0,
0,
0,
0,
0,
0,
0,
0,
10,
181,
255,
125,
0,
0,
0,
0,
0,
0,
0,
0,
0,
0,
45,
242,
255,
64,
0,
0,
0,
0,
0,
0,
0,
0,
0,
0,
0,
0,
0,
0,
0,
0,
0,
0,
0,
0,
0,
0,
0,
0,
0,
0,
0,
0,
0,
0,
0,
0,
0,
0,
0,
0,
0,
0,
0,
0,
0,
0,
0,
0,
0,
0,
0,
0,
0,
0,
44,
202,
227,
140,
62,
44,
44,
44,
31,
5,
0,
0,
0,
0,
81,
255,
255,
255,
255,
255,
255,
255,
255,
68,
0,
0,
0,
0,
3,
40,
47,
122,
160,
187,
184,
255,
255,
63,
0,
0,
0,
0,
0,
0,
0,
0,
0,
3,
183,
255,
239,
2,
0,
0,
0,
0,
0,
0,
0,
0,
0,
63,
255,
255,
75,
0,
0,
0,
0,
0,
0,
0,
0,
0,
5,
178,
255,
214,
0,
0,
0,
0,
0,
0,
0,
0,
0,
0,
108,
255,
255,
53,
0,
0,
0,
0,
0,
0,
0,
0,
0,
30,
255,
255,
177,
0,
0,
0,
0,
0,
0,
0,
0,
0,
3,
186,
255,
255,
14,
0,
0,
0,
0,
0,
0,
0,
0,
0,
52,
255,
255,
191,
0,
0,
0,
0,
0,
0,
0,
0,
0,
0,
46,
255,
255,
55,
0,
0,
0,
0,
0,
0,
28,
28,
28,
28,
28,
28,
28,
28,
28,
28,
28,
28,
28,
28,
28,
28,
28,
28,
28,
28,
28,
28,
28,
28,
28,
28,
28,
28,
28,
28,
28,
28,
28,
28,
28,
28,
28,
28,
28,
28,
28,
28,
28,
28,
55,
242,
228,
209,
190,
180,
180,
180,
159,
50,
28,
28,
28,
28,
52,
93,
4,
154,
229,
236,
236,
229,
210,
75,
28,
28,
28,
28,
30,
28,
28,
28,
0,
0,
14,
156,
11,
28,
28,
28,
28,
28,
28,
28,
28,
28,
28,
34,
183,
206,
0,
28,
28,
28,
28,
28,
28,
28,
28,
28,
28,
61,
181,
47,
28,
28,
28,
28,
28,
28,
28,
28,
28,
28,
35,
192,
176,
6,
28,
28,
28,
28,
28,
28,
28,
28,
28,
28,
128,
236,
37,
28,
28,
28,
28,
28,
28,
28,
28,
28,
28,
60,
191,
145,
14,
28,
28,
28,
28,
28,
28,
28,
28,
28,
34,
179,
223,
0,
28,
28,
28,
28,
28,
28,
28,
28,
28,
28,
49,
178,
98,
14,
28,
28,
28,
28,
28,
28,
28,
28,
28,
28,
39,
31,
0,
28,
28,
28,
28,
28,
28,
28,
0,
0,
0,
0,
0,
0,
0,
0,
0,
0,
0,
0,
0,
0,
0,
0,
0,
0,
0,
0,
0,
0,
0,
0,
0,
0,
0,
0,
0,
0,
0,
0,
0,
0,
0,
0,
0,
0,
0,
0,
0,
0,
0,
0,
14,
92,
27,
11,
18,
18,
18,
18,
8,
0,
0,
0,
0,
0,
120,
203,
0,
5,
36,
44,
41,
41,
13,
0,
0,
0,
0,
0,
34,
47,
29,
34,
0,
16,
0,
187,
0,
0,
0,
0,
0,
0,
0,
0,
0,
0,
0,
0,
232,
255,
0,
0,
0,
0,
0,
0,
0,
0,
0,
0,
0,
51,
239,
28,
0,
0,
0,
0,
0,
0,
0,
0,
0,
0,
1,
216,
241,
0,
0,
0,
0,
0,
0,
0,
0,
0,
0,
0,
107,
245,
0,
0,
0,
0,
0,
0,
0,
0,
0,
0,
0,
17,
255,
143,
0,
0,
0,
0,
0,
0,
0,
0,
0,
0,
0,
226,
255,
0,
0,
0,
0,
0,
0,
0,
0,
0,
0,
0,
46,
239,
73,
0,
0,
0,
0,
0,
0,
0,
0,
0,
0,
0,
72,
179,
0,
0,
0,
0,
0,
0,
0,
0,
2,
2,
2,
2,
2,
2,
2,
2,
2,
2,
2,
2,
2,
2,
2,
2,
2,
2,
2,
2,
2,
2,
2,
2,
2,
2,
2,
2,
2,
2,
2,
2,
2,
2,
2,
2,
2,
2,
2,
2,
2,
2,
2,
2,
94,
255,
255,
255,
219,
208,
208,
208,
131,
13,
2,
2,
2,
2,
2,
0,
59,
251,
255,
255,
255,
255,
247,
34,
2,
2,
2,
2,
2,
2,
2,
0,
0,
0,
67,
101,
5,
9,
2,
2,
2,
2,
2,
2,
2,
2,
2,
29,
124,
112,
3,
2,
2,
2,
2,
2,
2,
2,
2,
2,
2,
64,
106,
0,
2,
2,
2,
2,
2,
2,
2,
2,
2,
2,
36,
138,
55,
1,
2,
2,
2,
2,
2,
2,
2,
2,
2,
4,
148,
147,
0,
2,
2,
2,
2,
2,
2,
2,
2,
2,
2,
110,
139,
8,
1,
2,
2,
2,
2,
2,
2,
2,
2,
2,
30,
136,
143,
30,
2,
2,
2,
2,
2,
2,
2,
2,
2,
2,
51,
101,
51,
53,
2,
2,
2,
2,
2,
2,
2,
2,
2,
2,
2,
0,
0,
2,
2,
2,
2,
2,
2,
2,
0,
0,
0,
0,
0,
0,
0,
0,
0,
0,
0,
0,
0,
0,
0,
0,
0,
0,
0,
0,
0,
0,
0,
0,
0,
0,
0,
0,
0,
0,
0,
0,
0,
0,
0,
0,
0,
0,
0,
0,
0,
0,
0,
0,
92,
137,
141,
80,
39,
36,
36,
36,
0,
0,
0,
0,
0,
0,
71,
168,
227,
222,
188,
187,
183,
240,
168,
16,
0,
0,
0,
0,
0,
13,
2,
37,
57,
72,
112,
190,
139,
27,
0,
0,
0,
0,
0,
0,
0,
0,
0,
13,
123,
137,
109,
0,
0,
0,
0,
0,
0,
0,
0,
0,
0,
89,
126,
124,
47,
0,
0,
0,
0,
0,
0,
0,
0,
0,
18,
105,
114,
107,
0,
0,
0,
0,
0,
0,
0,
0,
0,
0,
113,
118,
120,
28,
0,
0,
0,
0,
0,
0,
0,
0,
0,
73,
134,
119,
98,
0,
0,
0,
0,
0,
0,
0,
0,
0,
13,
131,
181,
110,
6,
0,
0,
0,
0,
0,
0,
0,
0,
0,
59,
174,
204,
75,
0,
0,
0,
0,
0,
0,
0,
0,
0,
0,
7,
131,
102,
39,
0,
0,
0,
0,
0,
0,
16,
16,
16,
16,
16,
16,
16,
16,
16,
16,
16,
16,
16,
16,
16,
16,
16,
16,
16,
16,
16,
16,
16,
16,
16,
16,
16,
16,
16,
16,
16,
16,
16,
16,
16,
16,
16,
16,
16,
16,
16,
16,
16,
16,
16,
0,
0,
0,
16,
16,
16,
16,
16,
16,
16,
16,
16,
16,
106,
238,
245,
252,
230,
206,
208,
153,
0,
16,
16,
16,
16,
16,
44,
76,
114,
188,
216,
233,
231,
89,
96,
54,
16,
16,
16,
16,
16,
16,
16,
16,
16,
16,
0,
103,
109,
19,
16,
16,
16,
16,
16,
16,
16,
16,
16,
16,
30,
107,
71,
16,
16,
16,
16,
16,
16,
16,
16,
16,
16,
0,
84,
85,
17,
16,
16,
16,
16,
16,
16,
16,
16,
16,
9,
49,
105,
56,
16,
16,
16,
16,
16,
16,
16,
16,
16,
16,
0,
136,
112,
16,
16,
16,
16,
16,
16,
16,
16,
16,
16,
0,
29,
84,
27,
16,
16,
16,
16,
16,
16,
16,
16,
16,
16,
8,
130,
117,
16,
16,
16,
16,
16,
16,
16,
16,
16,
16,
66,
255,
255,
59,
16,
16,
16,
16,
16,
16,
