0.000,
20.000,
-330.000,
25.000,
178.000,
157.000,
9.000,
168.000,
138.000,
-37.000,
-55.000,
-359.000,
-13.000,
435.000,
-130.000,
374.000,
527.000,
-56.000,
0.000,
21.000,
439.000,
165.000,
235.000,
-0.000,
215.000,
25.000,
0.000,
-551.000,
0.000,
-535.000,
67.000,
0.000,
986.000,
-0.000,
582.000,
475.000,
0.000,
0.000,
122.000,
-2.000,
428.000,
0.000,
582.000,
-197.000,
46.000,
-194.000,
283.000,
236.000,
115.000,
-103.000,
-0.000,
83.000,
-50.000,
112.000,
205.000,
461.000,
-171.000,
-36.000,
-0.000,
279.000,
116.000,
0.000,
-270.000,
711.000,
129.000,
-17.000,
-24.000,
375.000,
-17.000,
-48.000,
-132.000,
531.000,
386.000,
783.000,
176.000,
388.000,
61.000,
136.000,
-0.000,
351.000,
31.000,
-0.000,
255.000,
269.000,
-216.000,
-86.000,
157.000,
771.000,
338.000,
1039.000,
147.000,
-100.000,
137.000,
76.000,
-247.000,
-315.000,
-8.000,
-168.000,
-215.000,
-281.000,
593.000,
1.000,
334.000,
480.000,
165.000,
136.000,
120.000,
-0.000,
582.000,
146.000,
-579.000,
-318.000,
344.000,
389.000,
168.000,
327.000,
-239.000,
161.000,
-11.000,
-176.000,
-427.000,
139.000,
-207.000,
2.000,
-0.000,
-370.000,
-498.000,
324.000,
0.000,
596.000,
-146.000,
209.000,
-26.000,
85.000,
-150.000,
-100.000,
113.000,
-61.000,
809.000,
99.000,
375.000,
368.000,
-287.000,
449.000,
781.000,
176.000,
-269.000,
-23.000,
107.000,
-136.000,
415.000,
596.000,
517.000,
317.000,
-206.000,
507.000,
-0.000,
11.000,
51.000,
224.000,
502.000,
0.000,
0.000,
536.000,
497.000,
184.000,
234.000,
-174.000,
376.000,
-157.000,
443.000,
82.000,
97.000,
8.000,
268.000,
428.000,
0.000,
243.000,
-258.000,
159.000,
61.000,
-372.000,
621.000,
166.000,
-78.000,
-485.000,
-149.000,
320.000,
-455.000,
-325.000,
-0.000,
647.000,
-88.000,
0.000,
-29.000,
30.000,
768.000,
-47.000,
42.000,
-8.000,
-222.000,
411.000,
-23.000,
4.000,
163.000,
-7.000,
-0.000,
-65.000,
20.000,
711.000,
535.000,
128.000,
417.000,
271.000,
-384.000,
-372.000,
-52.000,
520.000,
182.000,
0.000,
-240.000,
-90.000,
0.000,
186.000,
-136.000,
297.000,
39.000,
0.000,
803.000,
276.000,
1154.000,
25.000,
230.000,
74.000,
0.000,
-218.000,
409.000,
973.000,
-210.000,
757.000,
-178.000,
-194.000,
-98.000,
309.000,
35.000,
-82.000,
450.000,
-181.000,
701.000,
-31.000,
210.000,
444.000,
46.000,
-98.000,
175.000,
0.000,
61.000,
567.000,
200.000,
-19.000,
65.000,
451.000,
364.000,
-291.000,
-292.000,
39.000,
325.000,
526.000,
0.000,
172.000,
552.000,
-227.000,
-267.000,
464.000,
-233.000,
0.000,
233.000,
-0.000,
-192.000,
300.000,
-3.000,
568.000,
618.000,
192.000,
246.000,
506.000,
0.000,
420.000,
0.000,
-62.000,
-324.000,
56.000,
637.000,
1048.000,
60.000,
-100.000,
44.000,
-354.000,
215.000,
-91.000,
286.000,
726.000,
-153.000,
414.000,
407.000,
-374.000,
84.000,
452.000,
-192.000,
-216.000,
-96.000,
631.000,
0.000,
219.000,
-115.000,
-42.000,
625.000,
595.000,
0.000,
711.000,
0.000,
404.000,
0.000,
-294.000,
-192.000,
234.000,
292.000,
623.000,
-132.000,
-145.000,
121.000,
-251.000,
176.000,
723.000,
356.000,
-160.000,
271.000,
65.000,
414.000,
-176.000,
683.000,
253.000,
606.000,
-59.000,
-197.000,
378.000,
51.000,
0.000,
36.000,
196.000,
12.000,
358.000,
587.000,
-173.000,
-121.000,
0.000,
0.000,
242.000,
1127.000,
189.000,
-8.000,
-5.000,
679.000,
-155.000,
1084.000,
43.000,
-0.000,
475.000,
180.000,
500.000,
160.000,
-0.000,
241.000,
272.000,
28.000,
489.000,
-410.000,
-289.000,
224.000,
214.000,
409.000,
469.000,
296.000,
531.000,
752.000,
487.000,
543.000,
-484.000,
986.000,
-0.000,
174.000,
712.000,
97.000,
-123.000,
627.000,
-55.000,
179.000,
-40.000,
-136.000,
42.000,
-111.000,
133.000,
236.000,
-96.000,
166.000,
435.000,
-191.000,
296.000,
641.000,
-12.000,
-91.000,
434.000,
0.000,
-44.000,
421.000,
-34.000,
184.000,
234.000,
898.000,
-369.000,
68.000,
176.000,
171.000,
-0.000,
189.000,
211.000,
-17.000,
187.000,
899.000,
498.000,
81.000,
15.000,
0.000,
438.000,
392.000,
616.000,
9.000,
0.000,
-216.000,
248.000,
307.000,
-45.000,
0.000,
-33.000,
-87.000,
149.000,
229.000,
80.000,
471.000,
638.000,
-0.000,
220.000,
-178.000,
442.000,
-112.000,
112.000,
-112.000,
-131.000,
400.000,
306.000,
259.000,
-37.000,
-296.000,
659.000,
-62.000,
668.000,
614.000,
0.000,
602.000,
79.000,
111.000,
395.000,
-160.000,
419.000,
-0.000,
494.000,
-107.000,
469.000,
498.000,
-18.000,
-45.000,
531.000,
258.000,
170.000,
468.000,
126.000,
222.000,
611.000,
729.000,
707.000,
537.000,
0.000,
-423.000,
-106.000,
13.000,
37.000,
149.000,
-90.000,
35.000,
443.000,
