0.000,
0.000,
0.000,
113.000,
240.000,
0.000,
23.000,
255.000,
0.000,
206.000,
0.000,
0.000,
243.000,
0.000,
0.000,
255.000,
5.000,
0.000,
0.000,
255.000,
80.000,
163.000,
44.000,
0.000,
10.000,
228.000,
0.000,
0.000,
0.000,
143.000,
67.000,
0.000,
0.000,
0.000,
255.000,
21.000,
0.000,
0.000,
255.000,
0.000,
109.000,
0.000,
110.000,
121.000,
238.000,
183.000,
255.000,
249.000,
255.000,
129.000,
0.000,
166.000,
185.000,
0.000,
0.000,
0.000,
0.000,
0.000,
0.000,
255.000,
255.000,
0.000,
0.000,
240.000,
230.000,
0.000,
124.000,
61.000,
217.000,
134.000,
90.000,
0.000,
255.000,
121.000,
255.000,
183.000,
0.000,
158.000,
0.000,
183.000,
0.000,
0.000,
26.000,
38.000,
2.000,
102.000,
158.000,
163.000,
2.000,
0.000,
0.000,
16.000,
0.000,
97.000,
255.000,
232.000,
55.000,
0.000,
255.000,
255.000,
222.000,
255.000,
225.000,
18.000,
255.000,
53.000,
9.000,
0.000,
255.000,
255.000,
177.000,
0.000,
137.000,
171.000,
202.000,
255.000,
0.000,
255.000,
0.000,
255.000,
255.000,
151.000,
9.000,
238.000,
0.000,
235.000,
90.000,
237.000,
0.000,
88.000,
22.000,
41.000,
142.000,
219.000,
0.000,
85.000,
67.000,
0.000,
206.000,
103.000,
187.000,
19.000,
63.000,
255.000,
222.000,
0.000,
0.000,
90.000,
132.000,
15.000,
255.000,
197.000,
108.000,
45.000,
67.000,
13.000,
0.000,
255.000,
230.000,
0.000,
103.000,
0.000,
0.000,
255.000,
250.000,
186.000,
151.000,
4.000,
0.000,
53.000,
17.000,
0.000,
29.000,
255.000,
95.000,
182.000,
0.000,
41.000,
4.000,
72.000,
189.000,
32.000,
0.000,
0.000,
0.000,
0.000,
0.000,
0.000,
80.000,
165.000,
0.000,
133.000,
205.000,
0.000,
255.000,
0.000,
215.000,
36.000,
0.000,
173.000,
51.000,
176.000,
13.000,
0.000,
255.000,
150.000,
0.000,
2.000,
182.000,
30.000,
31.000,
122.000,
163.000,
247.000,
30.000,
194.000,
12.000,
223.000,
12.000,
0.000,
0.000,
118.000,
0.000,
46.000,
14.000,
224.000,
19.000,
0.000,
255.000,
244.000,
0.000,
0.000,
255.000,
58.000,
3.000,
0.000,
0.000,
10.000,
92.000,
58.000,
0.000,
0.000,
0.000,
135.000,
60.000,
25.000,
158.000,
0.000,
255.000,
18.000,
182.000,
0.000,
89.000,
17.000,
255.000,
0.000,
229.000,
255.000,
39.000,
71.000,
17.000,
191.000,
96.000,
0.000,
0.000,
0.000,
0.000,
0.000,
0.000,
0.000,
11.000,
0.000,
218.000,
0.000,
101.000,
0.000,
0.000,
0.000,
255.000,
45.000,
0.000,
222.000,
164.000,
0.000,
16.000,
81.000,
0.000,
255.000,
0.000,
0.000,
94.000,
27.000,
0.000,
12.000,
39.000,
0.000,
26.000,
0.000,
13.000,
8.000,
0.000,
2.000,
62.000,
249.000,
230.000,
123.000,
255.000,
0.000,
153.000,
118.000,
0.000,
191.000,
0.000,
101.000,
255.000,
96.000,
14.000,
101.000,
0.000,
5.000,
0.000,
187.000,
0.000,
16.000,
120.000,
0.000,
176.000,
255.000,
214.000,
63.000,
39.000,
255.000,
36.000,
0.000,
255.000,
166.000,
113.000,
32.000,
195.000,
129.000,
72.000,
0.000,
255.000,
199.000,
69.000,
109.000,
0.000,
0.000,
0.000,
255.000,
255.000,
165.000,
0.000,
0.000,
199.000,
0.000,
0.000,
19.000,
255.000,
214.000,
219.000,
255.000,
169.000,
237.000,
0.000,
43.000,
0.000,
168.000,
38.000,
0.000,
0.000,
0.000,
74.000,
118.000,
0.000,
144.000,
99.000,
255.000,
218.000,
0.000,
255.000,
255.000,
91.000,
243.000,
149.000,
129.000,
43.000,
73.000,
0.000,
0.000,
0.000,
30.000,
22.000,
0.000,
255.000,
87.000,
0.000,
84.000,
0.000,
67.000,
0.000,
255.000,
251.000,
4.000,
150.000,
196.000,
211.000,
58.000,
249.000,
0.000,
57.000,
238.000,
0.000,
255.000,
0.000,
1.000,
255.000,
35.000,
0.000,
255.000,
0.000,
91.000,
0.000,
0.000,
0.000,
30.000,
143.000,
0.000,
128.000,
189.000,
0.000,
191.000,
0.000,
164.000,
173.000,
0.000,
8.000,
0.000,
1.000,
228.000,
163.000,
233.000,
0.000,
206.000,
32.000,
25.000,
141.000,
255.000,
12.000,
224.000,
0.000,
148.000,
0.000,
255.000,
17.000,
62.000,
89.000,
98.000,
216.000,
173.000,
17.000,
214.000,
248.000,
0.000,
32.000,
0.000,
0.000,
0.000,
255.000,
49.000,
186.000,
213.000,
81.000,
163.000,
0.000,
0.000,
35.000,
15.000,
184.000,
69.000,
73.000,
87.000,
17.000,
106.000,
147.000,
0.000,
0.000,
255.000,
13.000,
211.000,
0.000,
0.000,
0.000,
5.000,
7.000,
169.000,
99.000,
27.000,
255.000,
160.000,
