14,
14,
14,
14,
14,
14,
14,
14,
14,
14,
14,
14,
14,
14,
14,
14,
14,
14,
14,
14,
14,
14,
14,
14,
14,
14,
14,
14,
14,
14,
14,
14,
14,
14,
14,
14,
14,
14,
14,
14,
14,
14,
14,
14,
14,
14,
14,
14,
14,
14,
14,
14,
14,
14,
14,
14,
14,
14,
14,
14,
14,
14,
14,
14,
14,
14,
14,
14,
14,
14,
14,
14,
14,
14,
14,
14,
14,
14,
14,
14,
14,
14,
14,
14,
14,
14,
14,
14,
14,
14,
14,
14,
14,
14,
14,
14,
14,
14,
14,
14,
14,
14,
14,
14,
14,
14,
14,
14,
14,
14,
14,
14,
14,
14,
14,
14,
14,
14,
14,
14,
14,
14,
14,
14,
14,
14,
14,
14,
14,
14,
14,
14,
14,
14,
14,
14,
14,
14,
14,
14,
14,
14,
14,
14,
14,
14,
14,
14,
14,
14,
14,
14,
14,
14,
14,
14,
14,
14,
14,
14,
14,
14,
14,
14,
14,
14,
14,
14,
14,
14,
14,
14,
14,
44,
97,
110,
104,
69,
42,
22,
15,
14,
14,
14,
14,
14,
14,
14,
14,
14,
14,
14,
14,
14,
14,
14,
14,
14,
14,
14,
14,
107,
192,
188,
147,
140,
119,
123,
117,
128,
128,
128,
128,
128,
128,
118,
71,
28,
15,
14,
14,
14,
14,
14,
14,
14,
14,
14,
14,
62,
87,
0,
0,
0,
44,
103,
119,
151,
156,
156,
155,
147,
151,
151,
88,
0,
0,
14,
14,
14,
14,
14,
14,
14,
14,
14,
14,
0,
0,
0,
0,
0,
0,
0,
0,
0,
0,
0,
0,
0,
0,
0,
0,
0,
0,
14,
14,
14,
14,
14,
14,
14,
14,
14,
14,
5,
0,
0,
0,
0,
0,
0,
0,
0,
0,
0,
0,
0,
0,
1,
0,
0,
0,
14,
14,
14,
14,
14,
14,
14,
14,
14,
14,
14,
14,
14,
14,
14,
12,
0,
0,
0,
0,
0,
0,
66,
146,
8,
0,
0,
0,
14,
14,
14,
14,
14,
14,
14,
14,
14,
14,
14,
14,
14,
14,
14,
14,
14,
14,
14,
14,
14,
64,
160,
156,
0,
0,
0,
8,
14,
14,
14,
14,
14,
14,
14,
14,
14,
14,
14,
14,
14,
14,
14,
14,
14,
14,
14,
14,
36,
133,
177,
0,
0,
0,
0,
14,
14,
14,
14,
14,
14,
14,
14,
14,
14,
14,
14,
14,
14,
14,
14,
14,
14,
14,
14,
14,
72,
164,
108,
0,
0,
0,
0,
14,
14,
14,
14,
14,
14,
14,
14,
14,
14,
14,
14,
14,
14,
14,
14,
14,
14,
14,
14,
18,
103,
148,
0,
0,
0,
0,
14,
14,
14,
14,
14,
14,
14,
14,
14,
14,
14,
14,
14,
14,
14,
14,
14,
14,
14,
14,
14,
61,
146,
113,
0,
0,
0,
12,
14,
14,
14,
14,
14,
14,
14,
14,
14,
14,
14,
14,
14,
14,
14,
14,
14,
14,
14,
14,
41,
138,
181,
0,
0,
0,
0,
14,
14,
14,
14,
14,
14,
14,
14,
14,
14,
14,
14,
14,
14,
14,
14,
14,
14,
14,
14,
21,
110,
185,
97,
0,
0,
0,
14,
14,
14,
14,
14,
14,
14,
14,
14,
14,
14,
14,
14,
14,
14,
14,
14,
14,
14,
14,
15,
91,
173,
153,
0,
0,
0,
0,
14,
14,
14,
14,
14,
14,
14,
14,
14,
14,
14,
14,
14,
14,
14,
14,
14,
14,
14,
14,
28,
143,
191,
0,
0,
0,
0,
14,
14,
14,
14,
14,
14,
14,
14,
14,
14,
14,
14,
14,
14,
14,
14,
14,
14,
14,
14,
26,
106,
167,
61,
0,
0,
0,
2,
14,
14,
14,
14,
14,
14,
14,
14,
14,
14,
14,
14,
14,
14,
14,
14,
14,
14,
14,
14,
67,
167,
176,
0,
0,
0,
0,
14,
14,
14,
14,
14,
14,
14,
14,
14,
14,
14,
14,
14,
14,
14,
14,
14,
14,
14,
14,
36,
130,
174,
60,
0,
0,
0,
13,
14,
14,
14,
14,
14,
14,
14,
14,
14,
14,
14,
14,
14,
14,
14,
14,
14,
14,
14,
14,
68,
160,
128,
0,
0,
0,
0,
14,
14,
14,
14,
14,
14,
14,
14,
14,
14,
14,
14,
14,
14,
14,
14,
14,
14,
14,
14,
14,
69,
132,
28,
0,
0,
0,
0,
14,
14,
14,
14,
14,
14,
14,
14,
14,
14,
14,
14,
14,
14,
14,
14,
14,
14,
14,
14,
14,
17,
0,
0,
0,
0,
0,
1,
14,
14,
14,
14,
14,
14,
14,
14,
14,
14,
14,
14,
14,
14,
14,
14,
14,
14,
14,
14,
14,
0,
0,
0,
0,
0,
8,
14,
14,
14,
14,
14,
14,
14,
14,
14,
14,
14,
14,
14,
14,
14,
14,
14,
14,
14,
14,
14,
14,
14,
14,
14,
14,
14,
14,
14,
14,
14,
14,
14,
14,
14,
14,
14,
14,
14,
14,
14,
14,
14,
14,
14,
14,
14,
14,
14,
14,
14,
14,
14,
14,
14,
14,
14,
14,
14,
14,
14,
14,
14,
14,
14,
14,
14,
14,
14,
14,
14,
14,
14,
14,
14,
14,
14,
14,
14,
14,
14,
14,
14,
14,
14,
14,
14,
14,
14,
14,
14,
14,
14,
14,
14,
14,
14,
14,
14,
14,
14,
14,
14,
14,
14,
14,
14,
14,
14,
14,
14,
14,
14,
14,
14,
14,
14,
14,
14,
14,
14,
14,
14,
14,
14,
14,
14,
14,
14,
14,
14,
14,
14,
14,
14,
14,
14,
14,
14,
14,
14,
14,
14,
14,
14,
14,
14,
14,
14,
14,
14,
14,
14,
14,
14,
14,
14,
14,
14,
14,
14,
14,
14,
14,
14,
14,
14,
14,
14,
14,
14,
14,
14,
14,
14,
14,
14,
14,
14,
14,
14,
14,
14,
14,
14,
14,
24,
46,
78,
101,
83,
67,
35,
24,
14,
14,
14,
14,
14,
14,
14,
14,
14,
14,
14,
14,
14,
14,
14,
14,
14,
14,
14,
14,
60,
132,
234,
255,
232,
202,
158,
136,
115,
115,
115,
115,
115,
115,
111,
94,
67,
28,
14,
14,
14,
14,
14,
14,
14,
14,
14,
14,
48,
50,
70,
72,
111,
183,
245,
255,
255,
255,
255,
255,
255,
255,
255,
230,
155,
66,
14,
14,
14,
14,
14,
14,
14,
14,
14,
14,
0,
0,
0,
0,
0,
0,
0,
0,
6,
0,
19,
17,
6,
25,
50,
121,
115,
62,
14,
14,
14,
14,
14,
14,
14,
14,
14,
14,
0,
0,
0,
0,
0,
0,
0,
0,
0,
0,
0,
0,
0,
0,
0,
16,
20,
1,
14,
14,
14,
14,
14,
14,
14,
14,
14,
14,
14,
14,
14,
14,
14,
9,
0,
0,
0,
0,
0,
0,
9,
54,
56,
0,
0,
0,
14,
14,
14,
14,
14,
14,
14,
14,
14,
14,
14,
14,
14,
14,
14,
14,
14,
14,
14,
14,
14,
34,
93,
109,
50,
0,
0,
8,
14,
14,
14,
14,
14,
14,
14,
14,
14,
14,
14,
14,
14,
14,
14,
14,
14,
14,
14,
14,
21,
74,
97,
77,
7,
0,
0,
14,
14,
14,
14,
14,
14,
14,
14,
14,
14,
14,
14,
14,
14,
14,
14,
14,
14,
14,
14,
14,
44,
92,
98,
15,
0,
0,
0,
14,
14,
14,
14,
14,
14,
14,
14,
14,
14,
14,
14,
14,
14,
14,
14,
14,
14,
14,
14,
15,
52,
56,
34,
0,
0,
0,
14,
14,
14,
14,
14,
14,
14,
14,
14,
14,
14,
14,
14,
14,
14,
14,
14,
14,
14,
14,
14,
31,
68,
69,
14,
0,
0,
12,
14,
14,
14,
14,
14,
14,
14,
14,
14,
14,
14,
14,
14,
14,
14,
14,
14,
14,
14,
14,
23,
79,
112,
80,
0,
0,
0,
14,
14,
14,
14,
14,
14,
14,
14,
14,
14,
14,
14,
14,
14,
14,
14,
14,
14,
14,
14,
16,
60,
113,
122,
27,
0,
0,
14,
14,
14,
14,
14,
14,
14,
14,
14,
14,
14,
14,
14,
14,
14,
14,
14,
14,
14,
14,
14,
43,
102,
129,
57,
0,
0,
0,
14,
14,
14,
14,
14,
14,
14,
14,
14,
14,
14,
14,
14,
14,
14,
14,
14,
14,
14,
14,
19,
91,
113,
101,
0,
0,
0,
14,
14,
14,
14,
14,
14,
14,
14,
14,
14,
14,
14,
14,
14,
14,
14,
14,
14,
14,
14,
18,
52,
83,
76,
0,
0,
0,
2,
14,
14,
14,
14,
14,
14,
14,
14,
14,
14,
14,
14,
14,
14,
14,
14,
14,
14,
14,
14,
37,
107,
133,
59,
0,
0,
0,
14,
14,
14,
14,
14,
14,
14,
14,
14,
14,
14,
14,
14,
14,
14,
14,
14,
14,
14,
14,
21,
71,
96,
104,
34,
34,
4,
13,
14,
14,
14,
14,
14,
14,
14,
14,
14,
14,
14,
14,
14,
14,
14,
14,
14,
14,
14,
14,
43,
88,
99,
85,
39,
52,
22,
14,
14,
14,
14,
14,
14,
14,
14,
14,
14,
14,
14,
14,
14,
14,
14,
14,
14,
14,
14,
14,
38,
43,
45,
17,
0,
0,
8,
14,
14,
14,
14,
14,
14,
14,
14,
14,
14,
14,
14,
14,
14,
14,
14,
14,
14,
14,
14,
14,
5,
0,
0,
0,
0,
0,
1,
14,
14,
14,
14,
14,
14,
14,
14,
14,
14,
14,
14,
14,
14,
14,
14,
14,
14,
14,
14,
14,
0,
0,
0,
0,
0,
8,
14,
14,
14,
14,
14,
14,
14,
14,
14,
14,
14,
14,
14,
0,
0,
0,
0,
0,
0,
0,
0,
0,
0,
0,
0,
0,
0,
0,
0,
0,
0,
0,
0,
0,
0,
0,
0,
0,
0,
0,
0,
0,
0,
0,
0,
0,
0,
0,
0,
0,
0,
0,
0,
0,
0,
0,
0,
0,
0,
0,
0,
0,
0,
0,
0,
0,
0,
0,
0,
0,
0,
0,
0,
0,
0,
0,
0,
0,
0,
0,
0,
0,
0,
0,
0,
0,
0,
0,
0,
0,
0,
0,
0,
0,
0,
0,
0,
0,
0,
0,
0,
0,
0,
0,
0,
0,
0,
0,
0,
0,
0,
0,
0,
0,
0,
0,
0,
0,
0,
0,
0,
0,
0,
0,
0,
0,
0,
0,
0,
0,
0,
0,
0,
0,
0,
0,
0,
0,
0,
0,
0,
0,
0,
0,
0,
0,
0,
0,
0,
0,
0,
0,
0,
0,
0,
0,
0,
0,
0,
0,
0,
0,
0,
0,
0,
0,
0,
0,
0,
0,
0,
0,
0,
0,
0,
0,
0,
0,
0,
0,
0,
0,
0,
0,
0,
0,
0,
0,
2,
25,
9,
0,
0,
0,
0,
0,
0,
0,
0,
0,
0,
0,
0,
0,
0,
0,
0,
0,
0,
0,
0,
0,
0,
0,
0,
34,
136,
127,
123,
85,
74,
49,
39,
39,
39,
39,
39,
39,
37,
22,
0,
0,
0,
0,
0,
0,
0,
0,
0,
0,
0,
0,
0,
117,
114,
93,
67,
84,
114,
123,
138,
136,
144,
143,
141,
138,
136,
118,
37,
0,
0,
0,
0,
0,
0,
0,
0,
0,
0,
0,
9,
56,
18,
0,
14,
31,
46,
63,
68,
77,
90,
90,
83,
83,
118,
122,
22,
0,
0,
0,
0,
0,
0,
0,
0,
0,
0,
0,
0,
0,
0,
0,
0,
0,
0,
0,
0,
3,
0,
0,
0,
19,
167,
132,
0,
0,
0,
0,
0,
0,
0,
0,
0,
0,
0,
0,
0,
0,
0,
0,
0,
0,
0,
0,
0,
0,
0,
0,
0,
115,
247,
75,
0,
0,
0,
0,
0,
0,
0,
0,
0,
0,
0,
0,
0,
0,
0,
0,
0,
0,
0,
0,
0,
0,
0,
0,
22,
228,
202,
0,
0,
0,
0,
0,
0,
0,
0,
0,
0,
0,
0,
0,
0,
0,
0,
0,
0,
0,
0,
0,
0,
0,
0,
0,
160,
248,
75,
0,
0,
0,
0,
0,
0,
0,
0,
0,
0,
0,
0,
0,
0,
0,
0,
0,
0,
0,
0,
0,
0,
0,
0,
54,
231,
186,
0,
0,
0,
0,
0,
0,
0,
0,
0,
0,
0,
0,
0,
0,
0,
0,
0,
0,
0,
0,
0,
0,
0,
0,
0,
145,
223,
40,
0,
0,
0,
0,
0,
0,
0,
0,
0,
0,
0,
0,
0,
0,
0,
0,
0,
0,
0,
0,
0,
0,
0,
0,
33,
214,
167,
0,
0,
0,
0,
0,
0,
0,
0,
0,
0,
0,
0,
0,
0,
0,
0,
0,
0,
0,
0,
0,
0,
0,
0,
0,
152,
243,
43,
0,
0,
0,
0,
0,
0,
0,
0,
0,
0,
0,
0,
0,
0,
0,
0,
0,
0,
0,
0,
0,
0,
0,
0,
83,
253,
157,
0,
0,
0,
0,
0,
0,
0,
0,
0,
0,
0,
0,
0,
0,
0,
0,
0,
0,
0,
0,
0,
0,
0,
0,
34,
242,
214,
16,
0,
0,
0,
0,
0,
0,
0,
0,
0,
0,
0,
0,
0,
0,
0,
0,
0,
0,
0,
0,
0,
0,
0,
0,
180,
244,
102,
0,
0,
0,
0,
0,
0,
0,
0,
0,
0,
0,
0,
0,
0,
0,
0,
0,
0,
0,
0,
0,
0,
0,
0,
99,
255,
149,
0,
0,
0,
0,
0,
0,
0,
0,
0,
0,
0,
0,
0,
0,
0,
0,
0,
0,
0,
0,
0,
0,
0,
0,
10,
225,
234,
16,
0,
0,
0,
0,
0,
0,
0,
0,
0,
0,
0,
0,
0,
0,
0,
0,
0,
0,
0,
0,
0,
0,
0,
0,
158,
255,
138,
0,
0,
0,
0,
0,
0,
0,
0,
0,
0,
0,
0,
0,
0,
0,
0,
0,
0,
0,
0,
0,
0,
0,
0,
54,
229,
229,
101,
0,
0,
0,
0,
0,
0,
0,
0,
0,
0,
0,
0,
0,
0,
0,
0,
0,
0,
0,
0,
0,
0,
0,
0,
118,
216,
177,
30,
0,
0,
0,
0,
0,
0,
0,
0,
0,
0,
0,
0,
0,
0,
0,
0,
0,
0,
0,
0,
0,
0,
0,
0,
80,
98,
21,
0,
0,
0,
0,
0,
0,
0,
0,
0,
0,
0,
0,
0,
0,
0,
0,
0,
0,
0,
0,
0,
0,
0,
0,
0,
21,
0,
0,
0,
0,
0,
0,
0,
0,
0,
0,
0,
0,
0,
0,
0,
0,
0,
0,
0,
0,
0,
0,
0,
0,
0,
0,
0,
0,
0,
0,
0,
0,
0,
0,
0,
0,
0,
0,
0,
0,
0,
0,
0,
0,
0,
0,
0,
0,
0,
0,
0,
0,
0,
0,
0,
0,
0,
0,
0,
0,
0,
0,
0,
0,
0,
0,
0,
0,
0,
0,
0,
0,
0,
0,
0,
0,
0,
0,
0,
0,
0,
0,
0,
0,
0,
0,
0,
0,
0,
0,
0,
0,
0,
0,
0,
0,
0,
0,
0,
0,
0,
0,
0,
0,
0,
0,
0,
0,
0,
0,
0,
0,
0,
0,
0,
0,
0,
0,
0,
0,
0,
0,
0,
0,
0,
0,
0,
0,
0,
0,
0,
0,
0,
0,
0,
0,
0,
0,
0,
0,
0,
0,
0,
0,
0,
0,
0,
0,
0,
0,
0,
0,
0,
0,
0,
0,
0,
0,
0,
0,
0,
0,
0,
0,
0,
0,
0,
0,
0,
0,
0,
0,
0,
0,
0,
0,
0,
0,
0,
0,
0,
0,
0,
0,
0,
0,
0,
0,
0,
0,
0,
31,
73,
106,
62,
35,
0,
0,
0,
0,
0,
0,
0,
0,
0,
0,
0,
0,
0,
0,
0,
0,
0,
0,
0,
0,
0,
0,
7,
21,
144,
208,
220,
231,
185,
166,
133,
133,
133,
133,
133,
133,
123,
78,
28,
0,
0,
0,
0,
0,
0,
0,
0,
0,
0,
0,
0,
0,
0,
0,
22,
114,
172,
203,
192,
186,
197,
195,
188,
191,
194,
198,
146,
30,
0,
0,
0,
0,
0,
0,
0,
0,
0,
0,
0,
0,
0,
0,
0,
0,
0,
0,
0,
0,
0,
0,
0,
0,
0,
121,
174,
66,
0,
0,
0,
0,
0,
0,
0,
0,
0,
0,
0,
0,
0,
0,
0,
0,
0,
0,
0,
0,
0,
0,
0,
0,
0,
40,
125,
31,
0,
0,
0,
0,
0,
0,
0,
0,
0,
0,
0,
0,
0,
0,
0,
0,
0,
0,
0,
0,
0,
0,
0,
0,
0,
54,
79,
0,
0,
0,
0,
0,
0,
0,
0,
0,
0,
0,
0,
0,
0,
0,
0,
0,
0,
0,
0,
0,
0,
0,
0,
0,
8,
111,
36,
0,
0,
0,
0,
0,
0,
0,
0,
0,
0,
0,
0,
0,
0,
0,
0,
0,
0,
0,
0,
0,
0,
10,
0,
0,
46,
88,
0,
0,
0,
0,
0,
0,
0,
0,
0,
0,
0,
0,
0,
0,
0,
0,
0,
0,
0,
0,
0,
0,
0,
0,
0,
0,
68,
6,
0,
0,
0,
0,
0,
0,
0,
0,
0,
0,
0,
0,
0,
0,
0,
0,
0,
0,
0,
0,
0,
0,
0,
0,
0,
69,
78,
0,
0,
0,
0,
0,
0,
0,
0,
0,
0,
0,
0,
0,
0,
0,
0,
0,
0,
0,
0,
0,
0,
0,
0,
0,
0,
94,
8,
0,
0,
0,
0,
0,
0,
0,
0,
0,
0,
0,
0,
0,
0,
0,
0,
0,
0,
0,
0,
0,
0,
18,
0,
0,
65,
77,
0,
0,
0,
0,
0,
0,
0,
0,
0,
0,
0,
0,
0,
0,
0,
0,
0,
0,
0,
0,
0,
0,
13,
0,
0,
12,
89,
10,
0,
0,
0,
0,
0,
0,
0,
0,
0,
0,
0,
0,
0,
0,
0,
0,
0,
0,
0,
0,
0,
18,
0,
0,
0,
66,
59,
0,
0,
0,
0,
0,
0,
0,
0,
0,
0,
0,
0,
0,
0,
0,
0,
0,
0,
0,
0,
0,
0,
0,
0,
0,
27,
55,
0,
0,
0,
0,
0,
0,
0,
0,
0,
0,
0,
0,
0,
0,
0,
0,
0,
0,
0,
0,
0,
0,
24,
0,
0,
0,
47,
12,
0,
0,
0,
0,
0,
0,
0,
0,
0,
0,
0,
0,
0,
0,
0,
0,
0,
0,
0,
0,
0,
0,
0,
0,
0,
78,
37,
0,
0,
0,
0,
0,
0,
0,
0,
0,
0,
0,
0,
0,
0,
0,
0,
0,
0,
0,
0,
0,
0,
3,
0,
0,
83,
165,
15,
0,
0,
0,
0,
0,
0,
0,
0,
0,
0,
0,
0,
0,
0,
0,
0,
0,
0,
0,
0,
0,
0,
0,
0,
27,
97,
176,
0,
0,
0,
0,
0,
0,
0,
0,
0,
0,
0,
0,
0,
0,
0,
0,
0,
0,
0,
0,
0,
0,
0,
0,
0,
0,
37,
76,
0,
0,
0,
0,
0,
0,
0,
0,
0,
0,
0,
0,
0,
0,
0,
0,
0,
0,
0,
0,
0,
0,
0,
0,
0,
0,
0,
0,
0,
0,
0,
0,
0,
0,
0,
0,
0,
0,
0,
0,
0,
0,
0,
0,
0,
0,
0,
0,
0,
0,
0,
0,
0,
0,
0,
0,
0,
0,
0,
0,
0,
0,
0,
0,
0,
0,
0,
0,
0,
0,
0,
0,
0,
0,
0,
0,
0,
0,
0,
0,
0,
0,
0,
0,
0,
0,
0,
0,
0,
0,
0,
0,
0,
0,
0,
0,
0,
0,
0,
0,
0,
0,
0,
0,
0,
0,
0,
0,
0,
0,
0,
0,
0,
0,
0,
0,
0,
0,
0,
0,
0,
0,
0,
0,
0,
0,
0,
0,
0,
0,
0,
0,
0,
0,
0,
0,
0,
0,
0,
0,
0,
0,
0,
0,
0,
0,
0,
0,
0,
0,
0,
0,
0,
0,
0,
0,
0,
0,
0,
0,
0,
0,
0,
0,
0,
0,
0,
0,
0,
0,
0,
0,
0,
0,
0,
0,
0,
0,
0,
0,
0,
0,
0,
0,
0,
0,
0,
0,
0,
0,
0,
0,
0,
0,
0,
0,
0,
0,
0,
0,
0,
0,
0,
0,
0,
0,
0,
0,
0,
0,
0,
0,
0,
0,
0,
0,
0,
0,
0,
0,
0,
0,
0,
0,
0,
0,
0,
0,
0,
0,
0,
0,
0,
0,
0,
0,
0,
0,
0,
0,
0,
0,
5,
29,
51,
48,
40,
18,
9,
1,
0,
0,
0,
0,
0,
0,
0,
0,
0,
0,
0,
0,
0,
0,
0,
0,
0,
0,
0,
0,
38,
122,
157,
180,
147,
129,
88,
69,
59,
59,
59,
59,
59,
59,
57,
44,
15,
1,
0,
0,
0,
0,
0,
0,
0,
0,
0,
0,
60,
108,
195,
201,
217,
219,
217,
210,
193,
198,
199,
199,
197,
194,
191,
149,
84,
17,
0,
0,
0,
0,
0,
0,
0,
0,
0,
0,
2,
46,
70,
91,
98,
133,
168,
180,
184,
189,
198,
196,
186,
195,
239,
219,
120,
41,
0,
0,
0,
0,
0,
0,
0,
0,
0,
0,
0,
0,
12,
5,
5,
13,
36,
39,
58,
51,
66,
64,
59,
138,
189,
197,
113,
34,
0,
0,
0,
0,
0,
0,
0,
0,
0,
0,
0,
0,
0,
0,
0,
0,
0,
8,
0,
4,
6,
8,
52,
132,
178,
147,
83,
10,
0,
0,
0,
0,
0,
0,
0,
0,
0,
0,
0,
0,
0,
0,
0,
0,
0,
0,
0,
0,
0,
14,
104,
159,
184,
124,
35,
1,
0,
0,
0,
0,
0,
0,
0,
0,
0,
0,
0,
0,
0,
0,
0,
0,
0,
0,
0,
0,
4,
63,
137,
196,
154,
89,
15,
0,
0,
0,
0,
0,
0,
0,
0,
0,
0,
0,
0,
0,
0,
0,
0,
0,
0,
0,
0,
0,
25,
109,
173,
169,
115,
33,
2,
0,
0,
0,
0,
0,
0,
0,
0,
0,
0,
0,
0,
0,
0,
0,
0,
0,
0,
0,
0,
1,
48,
130,
184,
140,
70,
4,
0,
0,
0,
0,
0,
0,
0,
0,
0,
0,
0,
0,
0,
0,
0,
0,
0,
0,
0,
0,
0,
11,
91,
155,
158,
108,
25,
0,
0,
0,
0,
0,
0,
0,
0,
0,
0,
0,
0,
0,
0,
0,
0,
0,
0,
0,
0,
0,
5,
66,
137,
172,
135,
67,
3,
0,
0,
0,
0,
0,
0,
0,
0,
0,
0,
0,
0,
0,
0,
0,
0,
0,
0,
0,
0,
1,
39,
131,
174,
166,
105,
23,
0,
0,
0,
0,
0,
0,
0,
0,
0,
0,
0,
0,
0,
0,
0,
0,
0,
0,
0,
0,
0,
19,
117,
158,
197,
130,
62,
3,
0,
0,
0,
0,
0,
0,
0,
0,
0,
0,
0,
0,
0,
0,
0,
0,
0,
0,
0,
0,
4,
80,
146,
210,
146,
94,
17,
0,
0,
0,
0,
0,
0,
0,
0,
0,
0,
0,
0,
0,
0,
0,
0,
0,
0,
0,
0,
2,
31,
123,
175,
164,
112,
35,
2,
0,
0,
0,
0,
0,
0,
0,
0,
0,
0,
0,
0,
0,
0,
0,
0,
0,
0,
0,
0,
17,
107,
156,
189,
130,
53,
4,
0,
0,
0,
0,
0,
0,
0,
0,
0,
0,
0,
0,
0,
0,
0,
0,
0,
0,
0,
0,
4,
63,
138,
213,
198,
113,
20,
0,
0,
0,
0,
0,
0,
0,
0,
0,
0,
0,
0,
0,
0,
0,
0,
0,
0,
0,
0,
0,
25,
105,
177,
247,
196,
102,
17,
0,
0,
0,
0,
0,
0,
0,
0,
0,
0,
0,
0,
0,
0,
0,
0,
0,
0,
0,
0,
0,
37,
112,
207,
223,
144,
79,
13,
0,
0,
0,
0,
0,
0,
0,
0,
0,
0,
0,
0,
0,
0,
0,
0,
0,
0,
0,
0,
0,
25,
77,
129,
115,
91,
20,
2,
0,
0,
0,
0,
0,
0,
0,
0,
0,
0,
0,
0,
0,
0,
0,
0,
0,
0,
0,
0,
0,
0,
0,
21,
36,
12,
1,
0,
0,
0,
0,
0,
0,
0,
0,
0,
0,
0,
0,
0,
78,
78,
78,
78,
78,
78,
78,
78,
78,
78,
78,
78,
78,
78,
78,
78,
78,
78,
78,
78,
78,
78,
78,
78,
78,
78,
78,
78,
78,
78,
78,
78,
78,
78,
78,
78,
78,
78,
78,
78,
78,
78,
78,
78,
78,
78,
78,
78,
78,
78,
78,
78,
78,
78,
78,
78,
78,
78,
78,
78,
78,
78,
78,
78,
78,
78,
78,
78,
78,
78,
78,
78,
78,
78,
78,
78,
78,
78,
78,
78,
78,
78,
78,
78,
78,
78,
78,
78,
78,
78,
78,
78,
78,
78,
78,
78,
78,
78,
78,
78,
78,
78,
78,
78,
78,
78,
78,
78,
78,
78,
78,
78,
78,
78,
78,
78,
78,
78,
78,
78,
78,
78,
78,
78,
78,
78,
78,
78,
78,
78,
78,
78,
78,
78,
78,
78,
78,
78,
78,
78,
78,
78,
78,
78,
78,
78,
78,
78,
78,
78,
78,
78,
78,
78,
78,
78,
78,
78,
78,
78,
78,
78,
78,
78,
78,
78,
78,
78,
78,
78,
78,
78,
78,
81,
73,
40,
19,
23,
36,
59,
70,
78,
78,
78,
78,
78,
78,
78,
78,
78,
78,
78,
78,
78,
78,
78,
78,
78,
78,
78,
78,
100,
79,
0,
0,
0,
0,
0,
0,
13,
13,
13,
13,
13,
13,
12,
12,
32,
66,
78,
78,
78,
78,
78,
78,
78,
78,
78,
78,
119,
71,
0,
0,
0,
0,
0,
0,
0,
0,
0,
0,
0,
0,
0,
0,
0,
38,
78,
78,
78,
78,
78,
78,
78,
78,
78,
78,
88,
50,
0,
0,
0,
0,
0,
0,
0,
0,
0,
0,
0,
0,
0,
0,
0,
23,
78,
78,
78,
78,
78,
78,
78,
78,
78,
78,
77,
66,
45,
42,
43,
29,
14,
0,
0,
0,
0,
0,
0,
16,
0,
0,
0,
30,
78,
78,
78,
78,
78,
78,
78,
78,
78,
78,
78,
78,
78,
78,
78,
78,
75,
63,
62,
63,
52,
53,
74,
67,
0,
0,
0,
54,
78,
78,
78,
78,
78,
78,
78,
78,
78,
78,
78,
78,
78,
78,
78,
78,
78,
78,
78,
78,
78,
86,
108,
15,
0,
0,
10,
74,
78,
78,
78,
78,
78,
78,
78,
78,
78,
78,
78,
78,
78,
78,
78,
78,
78,
78,
78,
78,
80,
102,
62,
0,
0,
0,
55,
78,
78,
78,
78,
78,
78,
78,
78,
78,
78,
78,
78,
78,
78,
78,
78,
78,
78,
78,
78,
78,
93,
104,
0,
0,
0,
12,
69,
78,
78,
78,
78,
78,
78,
78,
78,
78,
78,
78,
78,
78,
78,
78,
78,
78,
78,
78,
78,
78,
107,
72,
0,
0,
0,
65,
78,
78,
78,
78,
78,
78,
78,
78,
78,
78,
78,
78,
78,
78,
78,
78,
78,
78,
78,
78,
78,
84,
105,
11,
0,
0,
31,
77,
78,
78,
78,
78,
78,
78,
78,
78,
78,
78,
78,
78,
78,
78,
78,
78,
78,
78,
78,
78,
80,
99,
60,
0,
0,
0,
66,
78,
78,
78,
78,
78,
78,
78,
78,
78,
78,
78,
78,
78,
78,
78,
78,
78,
78,
78,
78,
79,
96,
87,
0,
0,
0,
33,
78,
78,
78,
78,
78,
78,
78,
78,
78,
78,
78,
78,
78,
78,
78,
78,
78,
78,
78,
78,
78,
87,
96,
1,
0,
0,
0,
66,
78,
78,
78,
78,
78,
78,
78,
78,
78,
78,
78,
78,
78,
78,
78,
78,
78,
78,
78,
78,
80,
117,
55,
0,
0,
0,
39,
78,
78,
78,
78,
78,
78,
78,
78,
78,
78,
78,
78,
78,
78,
78,
78,
78,
78,
78,
78,
79,
88,
88,
0,
0,
0,
16,
71,
78,
78,
78,
78,
78,
78,
78,
78,
78,
78,
78,
78,
78,
78,
78,
78,
78,
78,
78,
78,
88,
104,
22,
0,
0,
0,
62,
78,
78,
78,
78,
78,
78,
78,
78,
78,
78,
78,
78,
78,
78,
78,
78,
78,
78,
78,
78,
80,
102,
60,
0,
0,
0,
35,
78,
78,
78,
78,
78,
78,
78,
78,
78,
78,
78,
78,
78,
78,
78,
78,
78,
78,
78,
78,
78,
93,
104,
3,
0,
0,
0,
51,
78,
78,
78,
78,
78,
78,
78,
78,
78,
78,
78,
78,
78,
78,
78,
78,
78,
78,
78,
78,
78,
103,
86,
0,
0,
0,
0,
62,
78,
78,
78,
78,
78,
78,
78,
78,
78,
78,
78,
78,
78,
78,
78,
78,
78,
78,
78,
78,
78,
99,
84,
0,
0,
0,
24,
70,
78,
78,
78,
78,
78,
78,
78,
78,
78,
78,
78,
78,
78,
78,
78,
78,
78,
78,
78,
78,
78,
77,
56,
10,
0,
33,
74,
78,
78,
78,
78,
78,
78,
78,
78,
78,
78,
78,
78,
78,
0,
0,
0,
0,
0,
0,
0,
0,
0,
0,
0,
0,
0,
0,
0,
0,
0,
0,
0,
0,
0,
0,
0,
0,
0,
0,
0,
0,
0,
0,
0,
0,
0,
0,
0,
0,
0,
0,
0,
0,
0,
0,
0,
0,
0,
0,
0,
0,
0,
0,
0,
0,
0,
0,
0,
0,
0,
0,
0,
0,
0,
0,
0,
0,
0,
0,
0,
0,
0,
0,
0,
0,
0,
0,
0,
0,
0,
0,
0,
0,
0,
0,
0,
0,
0,
0,
0,
0,
0,
0,
0,
0,
0,
0,
0,
0,
0,
0,
0,
0,
0,
0,
0,
0,
0,
0,
0,
0,
0,
0,
0,
0,
0,
0,
0,
0,
0,
0,
0,
0,
0,
0,
0,
0,
0,
0,
0,
0,
0,
0,
0,
0,
0,
0,
0,
0,
0,
0,
0,
0,
0,
0,
0,
0,
0,
0,
0,
0,
0,
0,
0,
0,
0,
0,
0,
0,
0,
0,
0,
0,
0,
0,
0,
0,
0,
0,
0,
0,
0,
0,
0,
0,
0,
0,
0,
0,
0,
0,
0,
0,
0,
0,
0,
0,
0,
0,
0,
0,
0,
0,
0,
0,
0,
0,
0,
0,
0,
0,
0,
0,
0,
0,
0,
0,
0,
0,
0,
0,
0,
0,
0,
0,
0,
0,
0,
0,
0,
0,
0,
0,
0,
0,
0,
0,
0,
0,
0,
0,
0,
67,
77,
127,
167,
111,
52,
0,
0,
0,
0,
0,
0,
0,
0,
0,
0,
0,
0,
0,
0,
0,
0,
0,
0,
0,
0,
0,
0,
76,
123,
215,
245,
254,
255,
249,
231,
223,
208,
205,
206,
212,
182,
104,
49,
42,
25,
0,
0,
0,
0,
0,
0,
0,
0,
0,
0,
18,
38,
62,
86,
87,
132,
181,
191,
225,
211,
228,
225,
190,
185,
125,
127,
121,
67,
0,
0,
0,
0,
0,
0,
0,
0,
0,
0,
0,
0,
0,
0,
0,
5,
19,
19,
47,
32,
55,
48,
5,
22,
43,
133,
132,
46,
0,
0,
0,
0,
0,
0,
0,
0,
0,
0,
0,
0,
0,
0,
0,
0,
0,
0,
0,
0,
0,
0,
0,
0,
52,
124,
95,
8,
0,
0,
0,
0,
0,
0,
0,
0,
0,
0,
0,
0,
0,
0,
0,
0,
0,
0,
0,
0,
0,
0,
0,
58,
141,
133,
40,
0,
0,
0,
0,
0,
0,
0,
0,
0,
0,
0,
0,
0,
0,
0,
0,
0,
0,
0,
0,
0,
0,
0,
16,
99,
152,
111,
19,
0,
0,
0,
0,
0,
0,
0,
0,
0,
0,
0,
0,
0,
0,
0,
0,
0,
0,
0,
0,
0,
2,
16,
70,
134,
127,
27,
0,
0,
0,
0,
0,
0,
0,
0,
0,
0,
0,
0,
0,
0,
0,
0,
0,
0,
0,
0,
0,
0,
0,
13,
86,
137,
86,
3,
0,
0,
0,
0,
0,
0,
0,
0,
0,
0,
0,
0,
0,
0,
0,
0,
0,
0,
0,
0,
0,
0,
0,
38,
113,
124,
24,
0,
0,
0,
0,
0,
0,
0,
0,
0,
0,
0,
0,
0,
0,
0,
0,
0,
0,
0,
0,
0,
0,
0,
10,
91,
136,
82,
0,
0,
0,
0,
0,
0,
0,
0,
0,
0,
0,
0,
0,
0,
0,
0,
0,
0,
0,
0,
0,
0,
0,
0,
85,
140,
121,
24,
0,
0,
0,
0,
0,
0,
0,
0,
0,
0,
0,
0,
0,
0,
0,
0,
0,
0,
0,
0,
0,
0,
0,
54,
150,
141,
73,
0,
0,
0,
0,
0,
0,
0,
0,
0,
0,
0,
0,
0,
0,
0,
0,
0,
0,
0,
0,
0,
0,
0,
33,
154,
155,
104,
15,
0,
0,
0,
0,
0,
0,
0,
0,
0,
0,
0,
0,
0,
0,
0,
0,
0,
0,
0,
0,
0,
0,
0,
45,
141,
123,
33,
0,
0,
0,
0,
0,
0,
0,
0,
0,
0,
0,
0,
0,
0,
0,
0,
0,
0,
0,
0,
0,
0,
0,
23,
73,
105,
49,
1,
0,
0,
0,
0,
0,
0,
0,
0,
0,
0,
0,
0,
0,
0,
0,
0,
0,
0,
0,
0,
0,
3,
3,
87,
83,
103,
23,
0,
0,
0,
0,
0,
0,
0,
0,
0,
0,
0,
0,
0,
0,
0,
0,
0,
0,
0,
0,
0,
22,
41,
59,
185,
158,
132,
26,
0,
0,
0,
0,
0,
0,
0,
0,
0,
0,
0,
0,
0,
0,
0,
0,
0,
0,
0,
0,
0,
65,
148,
213,
221,
164,
100,
17,
0,
0,
0,
0,
0,
0,
0,
0,
0,
0,
0,
0,
0,
0,
0,
0,
0,
0,
0,
0,
0,
31,
81,
137,
138,
90,
8,
0,
0,
0,
0,
0,
0,
0,
0,
0,
0,
0,
0,
0,
0,
0,
0,
0,
0,
0,
0,
0,
0,
0,
0,
0,
0,
0,
0,
0,
0,
0,
0,
0,
0,
0,
0,
0,
0,
0,
0,
0,
0,
0,
0,
0,
0,
0,
0,
0,
0,
0,
0,
0,
0,
0,
0,
0,
0,
0,
0,
0,
0,
0,
0,
0,
0,
0,
0,
0,
0,
0,
0,
0,
0,
0,
0,
0,
0,
0,
0,
0,
0,
0,
0,
0,
0,
0,
0,
0,
0,
0,
0,
0,
0,
0,
0,
0,
0,
0,
0,
0,
0,
0,
0,
0,
0,
0,
0,
0,
0,
0,
0,
0,
0,
0,
0,
0,
0,
0,
0,
0,
0,
0,
0,
0,
0,
0,
0,
0,
0,
0,
0,
0,
0,
0,
0,
0,
0,
0,
0,
0,
0,
0,
0,
0,
0,
0,
0,
0,
0,
0,
0,
0,
0,
0,
0,
0,
0,
0,
0,
0,
0,
0,
0,
0,
0,
0,
0,
0,
0,
0,
0,
0,
0,
0,
0,
0,
0,
0,
0,
0,
0,
0,
0,
0,
0,
0,
0,
0,
33,
72,
59,
34,
14,
0,
0,
0,
0,
0,
0,
0,
0,
0,
0,
0,
0,
0,
0,
0,
0,
0,
0,
0,
0,
0,
0,
25,
70,
80,
81,
79,
52,
21,
21,
21,
21,
21,
21,
37,
98,
86,
21,
0,
0,
0,
0,
0,
0,
0,
0,
0,
0,
0,
0,
58,
61,
23,
21,
47,
89,
61,
56,
68,
70,
81,
60,
63,
161,
203,
76,
0,
0,
0,
0,
0,
0,
0,
0,
0,
0,
0,
0,
25,
29,
10,
4,
0,
76,
49,
34,
67,
72,
96,
0,
0,
189,
239,
92,
0,
0,
0,
0,
0,
0,
0,
0,
0,
0,
0,
0,
0,
5,
1,
0,
0,
17,
19,
5,
24,
25,
0,
0,
0,
240,
197,
49,
0,
0,
0,
0,
0,
0,
0,
0,
0,
0,
0,
0,
0,
0,
0,
0,
0,
0,
3,
0,
1,
0,
0,
0,
121,
236,
117,
11,
0,
0,
0,
0,
0,
0,
0,
0,
0,
0,
0,
0,
0,
0,
0,
0,
0,
0,
0,
0,
0,
0,
0,
0,
225,
212,
58,
0,
0,
0,
0,
0,
0,
0,
0,
0,
0,
0,
0,
0,
0,
0,
0,
0,
0,
0,
0,
0,
0,
0,
0,
149,
227,
119,
18,
0,
0,
0,
0,
0,
0,
0,
0,
0,
0,
0,
0,
0,
0,
0,
0,
0,
0,
0,
0,
0,
0,
0,
2,
247,
178,
35,
1,
0,
0,
0,
0,
0,
0,
0,
0,
0,
0,
0,
0,
0,
0,
0,
0,
0,
0,
0,
0,
0,
0,
0,
144,
227,
99,
4,
0,
0,
0,
0,
0,
0,
0,
0,
0,
0,
0,
0,
0,
0,
0,
0,
0,
0,
0,
0,
0,
0,
0,
0,
235,
173,
29,
0,
0,
0,
0,
0,
0,
0,
0,
0,
0,
0,
0,
0,
0,
0,
0,
0,
0,
0,
0,
0,
0,
0,
0,
159,
222,
96,
2,
0,
0,
0,
0,
0,
0,
0,
0,
0,
0,
0,
0,
0,
0,
0,
0,
0,
0,
0,
0,
0,
0,
0,
61,
244,
163,
29,
0,
0,
0,
0,
0,
0,
0,
0,
0,
0,
0,
0,
0,
0,
0,
0,
0,
0,
0,
0,
0,
0,
0,
1,
204,
209,
81,
2,
0,
0,
0,
0,
0,
0,
0,
0,
0,
0,
0,
0,
0,
0,
0,
0,
0,
0,
0,
0,
0,
0,
0,
169,
231,
117,
21,
0,
0,
0,
0,
0,
0,
0,
0,
0,
0,
0,
0,
0,
0,
0,
0,
0,
0,
0,
0,
0,
0,
0,
74,
233,
147,
38,
1,
0,
0,
0,
0,
0,
0,
0,
0,
0,
0,
0,
0,
0,
0,
0,
0,
0,
0,
0,
0,
0,
0,
0,
212,
223,
73,
4,
0,
0,
0,
0,
0,
0,
0,
0,
0,
0,
0,
0,
0,
0,
0,
0,
0,
0,
0,
0,
0,
0,
0,
34,
246,
221,
45,
0,
0,
0,
0,
0,
0,
0,
0,
0,
0,
0,
0,
0,
0,
0,
0,
0,
0,
0,
0,
0,
0,
0,
0,
99,
246,
205,
35,
0,
0,
0,
0,
0,
0,
0,
0,
0,
0,
0,
0,
0,
0,
0,
0,
0,
0,
0,
0,
0,
0,
0,
6,
222,
196,
95,
14,
0,
0,
0,
0,
0,
0,
0,
0,
0,
0,
0,
0,
0,
0,
0,
0,
0,
0,
0,
0,
0,
0,
0,
20,
105,
76,
18,
1,
0,
0,
0,
0,
0,
0,
0,
0,
0,
0,
0,
0,
0,
0,
0,
0,
0,
0,
0,
0,
0,
0,
0,
0,
10,
12,
0,
0,
0,
0,
0,
0,
0,
0,
0,
0,
0,
0,
0,
0,
48,
48,
48,
48,
48,
48,
48,
48,
48,
48,
48,
48,
48,
48,
48,
48,
48,
48,
48,
48,
48,
48,
48,
48,
48,
48,
48,
48,
48,
48,
48,
48,
48,
48,
48,
48,
48,
48,
48,
48,
48,
48,
48,
48,
48,
48,
48,
48,
48,
48,
48,
48,
48,
48,
48,
48,
48,
48,
48,
48,
48,
48,
48,
48,
48,
48,
48,
48,
48,
48,
48,
48,
48,
48,
48,
48,
48,
48,
48,
48,
48,
48,
48,
48,
48,
48,
48,
48,
48,
48,
48,
48,
48,
48,
48,
48,
48,
48,
48,
48,
48,
48,
48,
48,
48,
48,
48,
48,
48,
48,
48,
48,
48,
48,
48,
48,
48,
48,
48,
48,
48,
48,
48,
48,
48,
48,
48,
48,
48,
48,
48,
48,
48,
48,
48,
48,
48,
48,
48,
48,
48,
48,
48,
48,
48,
48,
48,
48,
48,
48,
48,
48,
48,
48,
48,
48,
48,
48,
48,
48,
48,
48,
48,
48,
48,
48,
48,
48,
48,
48,
48,
48,
48,
82,
118,
84,
61,
29,
27,
33,
40,
48,
48,
48,
48,
48,
48,
48,
48,
48,
48,
48,
48,
48,
48,
48,
48,
48,
48,
48,
48,
156,
182,
106,
63,
51,
38,
42,
53,
74,
74,
74,
74,
74,
74,
63,
17,
9,
37,
48,
48,
48,
48,
48,
48,
48,
48,
48,
48,
140,
185,
25,
0,
2,
23,
45,
35,
73,
77,
71,
69,
61,
73,
70,
0,
0,
1,
48,
48,
48,
48,
48,
48,
48,
48,
48,
48,
107,
100,
0,
0,
0,
0,
0,
0,
0,
0,
0,
0,
0,
45,
49,
0,
0,
0,
48,
48,
48,
48,
48,
48,
48,
48,
48,
48,
62,
63,
19,
12,
36,
28,
14,
0,
0,
0,
0,
0,
0,
91,
80,
0,
0,
0,
48,
48,
48,
48,
48,
48,
48,
48,
48,
48,
48,
48,
48,
48,
48,
52,
59,
35,
31,
47,
24,
31,
127,
210,
62,
0,
0,
0,
48,
48,
48,
48,
48,
48,
48,
48,
48,
48,
48,
48,
48,
48,
48,
48,
48,
48,
48,
48,
48,
105,
211,
203,
0,
0,
0,
40,
48,
48,
48,
48,
48,
48,
48,
48,
48,
48,
48,
48,
48,
48,
48,
48,
48,
48,
48,
48,
72,
178,
229,
41,
0,
0,
0,
48,
48,
48,
48,
48,
48,
48,
48,
48,
48,
48,
48,
48,
48,
48,
48,
48,
48,
48,
48,
48,
115,
226,
165,
0,
0,
0,
29,
48,
48,
48,
48,
48,
48,
48,
48,
48,
48,
48,
48,
48,
48,
48,
48,
48,
48,
48,
48,
52,
172,
239,
18,
0,
0,
19,
48,
48,
48,
48,
48,
48,
48,
48,
48,
48,
48,
48,
48,
48,
48,
48,
48,
48,
48,
48,
48,
101,
215,
176,
0,
0,
0,
45,
48,
48,
48,
48,
48,
48,
48,
48,
48,
48,
48,
48,
48,
48,
48,
48,
48,
48,
48,
48,
79,
174,
216,
37,
0,
0,
23,
48,
48,
48,
48,
48,
48,
48,
48,
48,
48,
48,
48,
48,
48,
48,
48,
48,
48,
48,
48,
56,
153,
217,
130,
0,
0,
0,
48,
48,
48,
48,
48,
48,
48,
48,
48,
48,
48,
48,
48,
48,
48,
48,
48,
48,
48,
48,
50,
135,
201,
181,
0,
0,
0,
23,
48,
48,
48,
48,
48,
48,
48,
48,
48,
48,
48,
48,
48,
48,
48,
48,
48,
48,
48,
48,
64,
196,
235,
21,
0,
0,
0,
48,
48,
48,
48,
48,
48,
48,
48,
48,
48,
48,
48,
48,
48,
48,
48,
48,
48,
48,
48,
61,
146,
227,
113,
0,
0,
0,
32,
48,
48,
48,
48,
48,
48,
48,
48,
48,
48,
48,
48,
48,
48,
48,
48,
48,
48,
48,
48,
109,
200,
211,
0,
0,
0,
13,
48,
48,
48,
48,
48,
48,
48,
48,
48,
48,
48,
48,
48,
48,
48,
48,
48,
48,
48,
48,
73,
177,
226,
119,
0,
0,
0,
47,
48,
48,
48,
48,
48,
48,
48,
48,
48,
48,
48,
48,
48,
48,
48,
48,
48,
48,
48,
48,
111,
226,
193,
19,
0,
0,
0,
48,
48,
48,
48,
48,
48,
48,
48,
48,
48,
48,
48,
48,
48,
48,
48,
48,
48,
48,
48,
48,
136,
246,
115,
0,
0,
0,
12,
48,
48,
48,
48,
48,
48,
48,
48,
48,
48,
48,
48,
48,
48,
48,
48,
48,
48,
48,
48,
48,
99,
146,
34,
0,
0,
0,
30,
48,
48,
48,
48,
48,
48,
48,
48,
48,
48,
48,
48,
48,
48,
48,
48,
48,
48,
48,
48,
48,
73,
84,
5,
0,
0,
40,
48,
48,
48,
48,
48,
48,
48,
48,
48,
48,
48,
48,
48,
0,
0,
0,
0,
0,
0,
0,
0,
0,
0,
0,
0,
0,
0,
0,
0,
0,
0,
0,
0,
0,
0,
0,
0,
0,
0,
0,
0,
0,
0,
0,
0,
0,
0,
0,
0,
0,
0,
0,
0,
0,
0,
0,
0,
0,
0,
0,
0,
0,
0,
0,
0,
0,
0,
0,
0,
0,
0,
0,
0,
0,
0,
0,
0,
0,
0,
0,
0,
0,
0,
0,
0,
0,
0,
0,
0,
0,
0,
0,
0,
0,
0,
0,
0,
0,
0,
0,
0,
0,
0,
0,
0,
0,
0,
0,
0,
0,
0,
0,
0,
0,
0,
0,
0,
0,
0,
0,
0,
0,
0,
0,
0,
0,
0,
0,
0,
0,
0,
0,
0,
0,
0,
0,
0,
0,
0,
0,
0,
0,
0,
0,
0,
0,
0,
0,
0,
0,
0,
0,
0,
0,
0,
0,
0,
0,
0,
0,
0,
0,
0,
0,
0,
0,
0,
0,
0,
0,
0,
0,
0,
0,
0,
0,
0,
0,
0,
0,
0,
0,
0,
0,
0,
0,
0,
0,
0,
0,
0,
0,
0,
0,
0,
0,
0,
0,
0,
0,
0,
0,
0,
0,
0,
0,
0,
0,
0,
0,
0,
0,
0,
0,
0,
0,
9,
24,
6,
0,
0,
0,
0,
0,
0,
0,
0,
0,
0,
0,
0,
0,
0,
0,
0,
0,
0,
0,
0,
0,
0,
0,
36,
113,
203,
219,
181,
138,
86,
62,
40,
40,
39,
39,
43,
40,
36,
35,
29,
5,
0,
0,
0,
0,
0,
0,
0,
0,
0,
0,
63,
136,
213,
228,
232,
252,
255,
255,
249,
248,
252,
252,
255,
221,
204,
174,
115,
38,
0,
0,
0,
0,
0,
0,
0,
0,
0,
0,
17,
43,
58,
70,
82,
120,
161,
181,
196,
193,
212,
210,
184,
170,
200,
235,
153,
55,
0,
0,
0,
0,
0,
0,
0,
0,
0,
0,
0,
0,
0,
0,
0,
4,
20,
22,
35,
35,
47,
42,
5,
71,
172,
216,
127,
29,
0,
0,
0,
0,
0,
0,
0,
0,
0,
0,
0,
0,
0,
0,
0,
0,
0,
0,
0,
0,
0,
0,
6,
103,
204,
166,
69,
4,
0,
0,
0,
0,
0,
0,
0,
0,
0,
0,
0,
0,
0,
0,
0,
0,
0,
0,
0,
0,
0,
0,
62,
188,
219,
134,
29,
0,
0,
0,
0,
0,
0,
0,
0,
0,
0,
0,
0,
0,
0,
0,
0,
0,
0,
0,
0,
0,
0,
26,
132,
231,
178,
78,
10,
0,
0,
0,
0,
0,
0,
0,
0,
0,
0,
0,
0,
0,
0,
0,
0,
0,
0,
0,
0,
0,
0,
80,
198,
204,
112,
16,
0,
0,
0,
0,
0,
0,
0,
0,
0,
0,
0,
0,
0,
0,
0,
0,
0,
0,
0,
0,
0,
0,
13,
114,
209,
157,
58,
1,
0,
0,
0,
0,
0,
0,
0,
0,
0,
0,
0,
0,
0,
0,
0,
0,
0,
0,
0,
0,
0,
0,
53,
172,
190,
107,
14,
0,
0,
0,
0,
0,
0,
0,
0,
0,
0,
0,
0,
0,
0,
0,
0,
0,
0,
0,
0,
0,
0,
23,
133,
215,
153,
55,
0,
0,
0,
0,
0,
0,
0,
0,
0,
0,
0,
0,
0,
0,
0,
0,
0,
0,
0,
0,
0,
0,
0,
97,
218,
198,
103,
14,
0,
0,
0,
0,
0,
0,
0,
0,
0,
0,
0,
0,
0,
0,
0,
0,
0,
0,
0,
0,
0,
0,
74,
196,
231,
145,
47,
0,
0,
0,
0,
0,
0,
0,
0,
0,
0,
0,
0,
0,
0,
0,
0,
0,
0,
0,
0,
0,
0,
37,
152,
250,
179,
76,
8,
0,
0,
0,
0,
0,
0,
0,
0,
0,
0,
0,
0,
0,
0,
0,
0,
0,
0,
0,
0,
0,
0,
91,
204,
195,
99,
19,
0,
0,
0,
0,
0,
0,
0,
0,
0,
0,
0,
0,
0,
0,
0,
0,
0,
0,
0,
0,
0,
0,
63,
160,
212,
135,
37,
0,
0,
0,
0,
0,
0,
0,
0,
0,
0,
0,
0,
0,
0,
0,
0,
0,
0,
0,
0,
0,
0,
27,
121,
219,
206,
124,
22,
0,
0,
0,
0,
0,
0,
0,
0,
0,
0,
0,
0,
0,
0,
0,
0,
0,
0,
0,
0,
0,
10,
79,
181,
255,
215,
125,
21,
0,
0,
0,
0,
0,
0,
0,
0,
0,
0,
0,
0,
0,
0,
0,
0,
0,
0,
0,
0,
0,
45,
141,
242,
255,
165,
64,
9,
0,
0,
0,
0,
0,
0,
0,
0,
0,
0,
0,
0,
0,
0,
0,
0,
0,
0,
0,
0,
0,
30,
89,
134,
108,
53,
4,
0,
0,
0,
0,
0,
0,
0,
0,
0,
0,
0,
0,
0,
0,
0,
0,
0,
0,
0,
0,
0,
0,
0,
0,
0,
0,
0,
0,
0,
0,
0,
0,
0,
0,
0,
0,
0,
0,
0,
0,
0,
0,
0,
0,
0,
0,
0,
0,
0,
0,
0,
0,
0,
0,
0,
0,
0,
0,
0,
0,
0,
0,
0,
0,
0,
0,
0,
0,
0,
0,
0,
0,
0,
0,
0,
0,
0,
0,
0,
0,
0,
0,
0,
0,
0,
0,
0,
0,
0,
0,
0,
0,
0,
0,
0,
0,
0,
0,
0,
0,
0,
0,
0,
0,
0,
0,
0,
0,
0,
0,
0,
0,
0,
0,
0,
0,
0,
0,
0,
0,
0,
0,
0,
0,
0,
0,
0,
0,
0,
0,
0,
0,
0,
0,
0,
0,
0,
0,
0,
0,
0,
0,
0,
0,
0,
0,
0,
0,
0,
0,
0,
0,
0,
0,
0,
0,
0,
0,
0,
0,
0,
0,
0,
0,
0,
0,
0,
0,
0,
0,
0,
0,
0,
0,
0,
0,
0,
0,
0,
0,
0,
0,
0,
0,
0,
0,
5,
15,
26,
38,
27,
22,
7,
3,
0,
0,
0,
0,
0,
0,
0,
0,
0,
0,
0,
0,
0,
0,
0,
0,
0,
0,
0,
0,
44,
114,
202,
227,
186,
140,
86,
62,
44,
44,
44,
44,
44,
44,
42,
31,
21,
5,
0,
0,
0,
0,
0,
0,
0,
0,
0,
0,
81,
204,
255,
255,
255,
255,
255,
255,
255,
255,
255,
255,
255,
255,
248,
193,
109,
34,
0,
0,
0,
0,
0,
0,
0,
0,
0,
0,
35,
123,
199,
218,
236,
255,
255,
255,
255,
255,
255,
255,
255,
255,
255,
255,
213,
68,
0,
0,
0,
0,
0,
0,
0,
0,
0,
0,
3,
20,
40,
43,
47,
75,
122,
145,
160,
163,
187,
184,
174,
238,
255,
255,
227,
63,
0,
0,
0,
0,
0,
0,
0,
0,
0,
0,
0,
0,
0,
0,
0,
0,
6,
16,
19,
19,
30,
31,
72,
172,
255,
255,
156,
25,
0,
0,
0,
0,
0,
0,
0,
0,
0,
0,
0,
0,
0,
0,
0,
0,
0,
0,
0,
0,
0,
16,
111,
251,
255,
239,
76,
2,
0,
0,
0,
0,
0,
0,
0,
0,
0,
0,
0,
0,
0,
0,
0,
0,
0,
0,
0,
0,
3,
64,
183,
255,
255,
168,
29,
0,
0,
0,
0,
0,
0,
0,
0,
0,
0,
0,
0,
0,
0,
0,
0,
0,
0,
0,
0,
0,
29,
134,
255,
255,
231,
75,
7,
0,
0,
0,
0,
0,
0,
0,
0,
0,
0,
0,
0,
0,
0,
0,
0,
0,
0,
0,
0,
0,
63,
185,
255,
255,
132,
12,
0,
0,
0,
0,
0,
0,
0,
0,
0,
0,
0,
0,
0,
0,
0,
0,
0,
0,
0,
0,
0,
12,
101,
239,
255,
214,
55,
0,
0,
0,
0,
0,
0,
0,
0,
0,
0,
0,
0,
0,
0,
0,
0,
0,
0,
0,
0,
0,
5,
62,
178,
255,
255,
126,
9,
0,
0,
0,
0,
0,
0,
0,
0,
0,
0,
0,
0,
0,
0,
0,
0,
0,
0,
0,
0,
0,
42,
144,
255,
255,
207,
53,
0,
0,
0,
0,
0,
0,
0,
0,
0,
0,
0,
0,
0,
0,
0,
0,
0,
0,
0,
0,
0,
22,
108,
252,
255,
255,
116,
9,
0,
0,
0,
0,
0,
0,
0,
0,
0,
0,
0,
0,
0,
0,
0,
0,
0,
0,
0,
0,
3,
89,
208,
255,
255,
177,
42,
0,
0,
0,
0,
0,
0,
0,
0,
0,
0,
0,
0,
0,
0,
0,
0,
0,
0,
0,
0,
1,
30,
138,
255,
255,
223,
74,
5,
0,
0,
0,
0,
0,
0,
0,
0,
0,
0,
0,
0,
0,
0,
0,
0,
0,
0,
0,
0,
20,
108,
243,
255,
255,
109,
14,
0,
0,
0,
0,
0,
0,
0,
0,
0,
0,
0,
0,
0,
0,
0,
0,
0,
0,
0,
0,
3,
65,
186,
255,
255,
209,
45,
0,
0,
0,
0,
0,
0,
0,
0,
0,
0,
0,
0,
0,
0,
0,
0,
0,
0,
0,
0,
0,
28,
132,
255,
255,
255,
191,
31,
0,
0,
0,
0,
0,
0,
0,
0,
0,
0,
0,
0,
0,
0,
0,
0,
0,
0,
0,
0,
0,
52,
178,
255,
255,
255,
148,
21,
0,
0,
0,
0,
0,
0,
0,
0,
0,
0,
0,
0,
0,
0,
0,
0,
0,
0,
0,
0,
0,
46,
168,
255,
255,
170,
55,
6,
0,
0,
0,
0,
0,
0,
0,
0,
0,
0,
0,
0,
0,
0,
0,
0,
0,
0,
0,
0,
0,
7,
41,
88,
91,
42,
2,
0,
0,
0,
0,
0,
0,
0,
0,
0,
0,
0,
0,
0,
28,
28,
28,
28,
28,
28,
28,
28,
28,
28,
28,
28,
28,
28,
28,
28,
28,
28,
28,
28,
28,
28,
28,
28,
28,
28,
28,
28,
28,
28,
28,
28,
28,
28,
28,
28,
28,
28,
28,
28,
28,
28,
28,
28,
28,
28,
28,
28,
28,
28,
28,
28,
28,
28,
28,
28,
28,
28,
28,
28,
28,
28,
28,
28,
28,
28,
28,
28,
28,
28,
28,
28,
28,
28,
28,
28,
28,
28,
28,
28,
28,
28,
28,
28,
28,
28,
28,
28,
28,
28,
28,
28,
28,
28,
28,
28,
28,
28,
28,
28,
28,
28,
28,
28,
28,
28,
28,
28,
28,
28,
28,
28,
28,
28,
28,
28,
28,
28,
28,
28,
28,
28,
28,
28,
28,
28,
28,
28,
28,
28,
28,
28,
28,
28,
28,
28,
28,
28,
28,
28,
28,
28,
28,
28,
28,
28,
28,
28,
28,
28,
28,
28,
28,
28,
28,
28,
28,
28,
28,
28,
28,
28,
28,
28,
28,
28,
28,
28,
28,
28,
28,
28,
28,
36,
67,
126,
161,
139,
110,
62,
43,
28,
28,
28,
28,
28,
28,
28,
28,
28,
28,
28,
28,
28,
28,
28,
28,
28,
28,
28,
28,
55,
140,
242,
228,
225,
204,
209,
190,
180,
180,
180,
180,
180,
180,
177,
159,
112,
50,
28,
28,
28,
28,
28,
28,
28,
28,
28,
28,
52,
93,
18,
0,
4,
77,
154,
200,
229,
225,
236,
236,
233,
229,
224,
210,
144,
75,
28,
28,
28,
28,
28,
28,
28,
28,
28,
28,
38,
0,
0,
0,
0,
0,
0,
0,
0,
0,
0,
0,
0,
0,
0,
73,
53,
23,
28,
28,
28,
28,
28,
28,
28,
28,
28,
28,
30,
5,
0,
0,
0,
0,
0,
0,
0,
0,
0,
0,
0,
0,
33,
11,
0,
0,
28,
28,
28,
28,
28,
28,
28,
28,
28,
28,
28,
28,
28,
28,
28,
28,
23,
0,
0,
0,
0,
0,
14,
131,
156,
0,
0,
0,
28,
28,
28,
28,
28,
28,
28,
28,
28,
28,
28,
28,
28,
28,
28,
28,
28,
28,
28,
28,
28,
42,
108,
206,
85,
0,
0,
21,
28,
28,
28,
28,
28,
28,
28,
28,
28,
28,
28,
28,
28,
28,
28,
28,
28,
28,
28,
28,
34,
77,
183,
154,
0,
0,
0,
28,
28,
28,
28,
28,
28,
28,
28,
28,
28,
28,
28,
28,
28,
28,
28,
28,
28,
28,
28,
28,
45,
120,
181,
47,
0,
0,
12,
28,
28,
28,
28,
28,
28,
28,
28,
28,
28,
28,
28,
28,
28,
28,
28,
28,
28,
28,
28,
29,
61,
138,
109,
0,
0,
3,
28,
28,
28,
28,
28,
28,
28,
28,
28,
28,
28,
28,
28,
28,
28,
28,
28,
28,
28,
28,
28,
41,
104,
176,
50,
0,
0,
26,
28,
28,
28,
28,
28,
28,
28,
28,
28,
28,
28,
28,
28,
28,
28,
28,
28,
28,
28,
28,
35,
80,
192,
163,
0,
0,
6,
28,
28,
28,
28,
28,
28,
28,
28,
28,
28,
28,
28,
28,
28,
28,
28,
28,
28,
28,
28,
30,
59,
154,
213,
37,
0,
0,
28,
28,
28,
28,
28,
28,
28,
28,
28,
28,
28,
28,
28,
28,
28,
28,
28,
28,
28,
28,
28,
50,
128,
236,
92,
0,
0,
6,
28,
28,
28,
28,
28,
28,
28,
28,
28,
28,
28,
28,
28,
28,
28,
28,
28,
28,
28,
28,
32,
77,
191,
145,
0,
0,
0,
28,
28,
28,
28,
28,
28,
28,
28,
28,
28,
28,
28,
28,
28,
28,
28,
28,
28,
28,
28,
31,
60,
152,
187,
0,
0,
0,
14,
28,
28,
28,
28,
28,
28,
28,
28,
28,
28,
28,
28,
28,
28,
28,
28,
28,
28,
28,
28,
43,
110,
223,
112,
0,
0,
0,
28,
28,
28,
28,
28,
28,
28,
28,
28,
28,
28,
28,
28,
28,
28,
28,
28,
28,
28,
28,
34,
77,
179,
169,
29,
0,
0,
27,
28,
28,
28,
28,
28,
28,
28,
28,
28,
28,
28,
28,
28,
28,
28,
28,
28,
28,
28,
28,
44,
116,
178,
98,
6,
0,
14,
28,
28,
28,
28,
28,
28,
28,
28,
28,
28,
28,
28,
28,
28,
28,
28,
28,
28,
28,
28,
28,
49,
109,
99,
22,
0,
0,
0,
28,
28,
28,
28,
28,
28,
28,
28,
28,
28,
28,
28,
28,
28,
28,
28,
28,
28,
28,
28,
28,
39,
31,
0,
0,
0,
0,
13,
28,
28,
28,
28,
28,
28,
28,
28,
28,
28,
28,
28,
28,
28,
28,
28,
28,
28,
28,
28,
28,
31,
0,
0,
0,
0,
21,
28,
28,
28,
28,
28,
28,
28,
28,
28,
28,
28,
28,
28,
0,
0,
0,
0,
0,
0,
0,
0,
0,
0,
0,
0,
0,
0,
0,
0,
0,
0,
0,
0,
0,
0,
0,
0,
0,
0,
0,
0,
0,
0,
0,
0,
0,
0,
0,
0,
0,
0,
0,
0,
0,
0,
0,
0,
0,
0,
0,
0,
0,
0,
0,
0,
0,
0,
0,
0,
0,
0,
0,
0,
0,
0,
0,
0,
0,
0,
0,
0,
0,
0,
0,
0,
0,
0,
0,
0,
0,
0,
0,
0,
0,
0,
0,
0,
0,
0,
0,
0,
0,
0,
0,
0,
0,
0,
0,
0,
0,
0,
0,
0,
0,
0,
0,
0,
0,
0,
0,
0,
0,
0,
0,
0,
0,
0,
0,
0,
0,
0,
0,
0,
0,
0,
0,
0,
0,
0,
0,
0,
0,
0,
0,
0,
0,
0,
0,
0,
0,
0,
0,
0,
0,
0,
0,
0,
0,
0,
0,
0,
0,
0,
0,
0,
0,
0,
0,
0,
0,
0,
0,
0,
0,
0,
0,
0,
0,
0,
0,
0,
0,
0,
0,
0,
0,
1,
19,
26,
11,
9,
0,
0,
0,
0,
0,
0,
0,
0,
0,
0,
0,
0,
0,
0,
0,
0,
0,
0,
0,
0,
0,
0,
0,
14,
92,
79,
27,
26,
0,
11,
0,
18,
18,
18,
18,
18,
18,
17,
8,
0,
0,
0,
0,
0,
0,
0,
0,
0,
0,
0,
0,
64,
203,
58,
0,
0,
0,
5,
7,
36,
44,
41,
41,
39,
37,
41,
13,
0,
0,
0,
0,
0,
0,
0,
0,
0,
0,
0,
0,
120,
132,
0,
0,
0,
0,
0,
0,
0,
13,
0,
0,
0,
0,
31,
0,
0,
0,
0,
0,
0,
0,
0,
0,
0,
0,
0,
0,
34,
47,
0,
0,
29,
34,
23,
0,
0,
1,
0,
0,
0,
0,
116,
0,
0,
0,
0,
0,
0,
0,
0,
0,
0,
0,
0,
0,
0,
0,
0,
0,
0,
7,
30,
0,
0,
16,
0,
0,
0,
187,
186,
0,
0,
0,
0,
0,
0,
0,
0,
0,
0,
0,
0,
0,
0,
0,
0,
0,
0,
0,
0,
0,
0,
0,
0,
5,
102,
255,
55,
0,
0,
0,
0,
0,
0,
0,
0,
0,
0,
0,
0,
0,
0,
0,
0,
0,
0,
0,
0,
0,
0,
0,
0,
40,
232,
169,
0,
0,
0,
0,
0,
0,
0,
0,
0,
0,
0,
0,
0,
0,
0,
0,
0,
0,
0,
0,
0,
0,
0,
0,
8,
142,
239,
28,
0,
0,
0,
0,
0,
0,
0,
0,
0,
0,
0,
0,
0,
0,
0,
0,
0,
0,
0,
0,
0,
0,
0,
0,
51,
234,
144,
0,
0,
0,
0,
0,
0,
0,
0,
0,
0,
0,
0,
0,
0,
0,
0,
0,
0,
0,
0,
0,
0,
0,
0,
4,
120,
241,
12,
0,
0,
0,
0,
0,
0,
0,
0,
0,
0,
0,
0,
0,
0,
0,
0,
0,
0,
0,
0,
0,
0,
0,
1,
36,
216,
170,
0,
0,
0,
0,
0,
0,
0,
0,
0,
0,
0,
0,
0,
0,
0,
0,
0,
0,
0,
0,
0,
0,
0,
0,
16,
158,
224,
0,
0,
0,
0,
0,
0,
0,
0,
0,
0,
0,
0,
0,
0,
0,
0,
0,
0,
0,
0,
0,
0,
0,
0,
8,
107,
245,
83,
0,
0,
0,
0,
0,
0,
0,
0,
0,
0,
0,
0,
0,
0,
0,
0,
0,
0,
0,
0,
0,
0,
0,
0,
44,
255,
143,
0,
0,
0,
0,
0,
0,
0,
0,
0,
0,
0,
0,
0,
0,
0,
0,
0,
0,
0,
0,
0,
0,
0,
0,
17,
184,
223,
0,
0,
0,
0,
0,
0,
0,
0,
0,
0,
0,
0,
0,
0,
0,
0,
0,
0,
0,
0,
0,
0,
0,
0,
6,
81,
255,
111,
0,
0,
0,
0,
0,
0,
0,
0,
0,
0,
0,
0,
0,
0,
0,
0,
0,
0,
0,
0,
0,
0,
0,
0,
46,
226,
173,
0,
0,
0,
0,
0,
0,
0,
0,
0,
0,
0,
0,
0,
0,
0,
0,
0,
0,
0,
0,
0,
0,
0,
0,
8,
142,
239,
73,
0,
0,
0,
0,
0,
0,
0,
0,
0,
0,
0,
0,
0,
0,
0,
0,
0,
0,
0,
0,
0,
0,
0,
0,
46,
212,
170,
0,
0,
0,
0,
0,
0,
0,
0,
0,
0,
0,
0,
0,
0,
0,
0,
0,
0,
0,
0,
0,
0,
0,
0,
0,
72,
179,
96,
0,
0,
0,
0,
0,
0,
0,
0,
0,
0,
0,
0,
0,
0,
0,
0,
0,
0,
0,
0,
0,
0,
0,
0,
0,
62,
112,
4,
0,
0,
0,
0,
0,
0,
0,
0,
0,
0,
0,
0,
0,
0,
0,
0,
2,
2,
2,
2,
2,
2,
2,
2,
2,
2,
2,
2,
2,
2,
2,
2,
2,
2,
2,
2,
2,
2,
2,
2,
2,
2,
2,
2,
2,
2,
2,
2,
2,
2,
2,
2,
2,
2,
2,
2,
2,
2,
2,
2,
2,
2,
2,
2,
2,
2,
2,
2,
2,
2,
2,
2,
2,
2,
2,
2,
2,
2,
2,
2,
2,
2,
2,
2,
2,
2,
2,
2,
2,
2,
2,
2,
2,
2,
2,
2,
2,
2,
2,
2,
2,
2,
2,
2,
2,
2,
2,
2,
2,
2,
2,
2,
2,
2,
2,
2,
2,
2,
2,
2,
2,
2,
2,
2,
2,
2,
2,
2,
2,
2,
2,
2,
2,
2,
2,
2,
2,
2,
2,
2,
2,
2,
2,
2,
2,
2,
2,
2,
2,
2,
2,
2,
2,
2,
2,
2,
2,
2,
2,
2,
2,
2,
2,
2,
2,
2,
2,
2,
2,
2,
2,
2,
2,
2,
2,
2,
2,
2,
2,
2,
2,
2,
2,
2,
2,
2,
2,
2,
2,
40,
118,
162,
170,
120,
73,
28,
10,
2,
2,
2,
2,
2,
2,
2,
2,
2,
2,
2,
2,
2,
2,
2,
2,
2,
2,
2,
2,
94,
196,
255,
255,
255,
255,
245,
219,
208,
208,
208,
208,
208,
208,
195,
131,
57,
13,
2,
2,
2,
2,
2,
2,
2,
2,
2,
2,
0,
0,
0,
0,
59,
175,
251,
255,
255,
255,
255,
255,
255,
255,
255,
247,
125,
34,
2,
2,
2,
2,
2,
2,
2,
2,
2,
2,
0,
0,
0,
0,
0,
0,
0,
0,
0,
0,
0,
0,
0,
0,
70,
124,
101,
30,
2,
2,
2,
2,
2,
2,
2,
2,
2,
2,
0,
0,
0,
0,
0,
0,
0,
0,
0,
0,
0,
0,
0,
0,
0,
0,
5,
9,
2,
2,
2,
2,
2,
2,
2,
2,
2,
2,
2,
2,
2,
2,
2,
0,
0,
0,
0,
0,
0,
0,
67,
101,
0,
0,
0,
1,
2,
2,
2,
2,
2,
2,
2,
2,
2,
2,
2,
2,
2,
2,
2,
2,
2,
2,
2,
2,
2,
59,
116,
112,
0,
0,
2,
2,
2,
2,
2,
2,
2,
2,
2,
2,
2,
2,
2,
2,
2,
2,
2,
2,
2,
2,
2,
2,
29,
117,
124,
0,
0,
0,
3,
2,
2,
2,
2,
2,
2,
2,
2,
2,
2,
2,
2,
2,
2,
2,
2,
2,
2,
2,
2,
2,
57,
106,
70,
0,
0,
0,
1,
2,
2,
2,
2,
2,
2,
2,
2,
2,
2,
2,
2,
2,
2,
2,
2,
2,
2,
2,
2,
7,
64,
69,
0,
0,
0,
1,
2,
2,
2,
2,
2,
2,
2,
2,
2,
2,
2,
2,
2,
2,
2,
2,
2,
2,
2,
2,
2,
58,
97,
55,
0,
0,
0,
2,
2,
2,
2,
2,
2,
2,
2,
2,
2,
2,
2,
2,
2,
2,
2,
2,
2,
2,
2,
2,
36,
128,
138,
4,
0,
0,
1,
2,
2,
2,
2,
2,
2,
2,
2,
2,
2,
2,
2,
2,
2,
2,
2,
2,
2,
2,
2,
11,
102,
147,
84,
0,
0,
2,
2,
2,
2,
2,
2,
2,
2,
2,
2,
2,
2,
2,
2,
2,
2,
2,
2,
2,
2,
2,
4,
94,
148,
122,
0,
0,
0,
1,
2,
2,
2,
2,
2,
2,
2,
2,
2,
2,
2,
2,
2,
2,
2,
2,
2,
2,
2,
2,
19,
104,
139,
8,
0,
0,
1,
2,
2,
2,
2,
2,
2,
2,
2,
2,
2,
2,
2,
2,
2,
2,
2,
2,
2,
2,
2,
16,
110,
113,
17,
0,
0,
0,
1,
2,
2,
2,
2,
2,
2,
2,
2,
2,
2,
2,
2,
2,
2,
2,
2,
2,
2,
2,
2,
59,
136,
143,
0,
0,
0,
1,
2,
2,
2,
2,
2,
2,
2,
2,
2,
2,
2,
2,
2,
2,
2,
2,
2,
2,
2,
2,
30,
110,
121,
77,
45,
30,
13,
2,
2,
2,
2,
2,
2,
2,
2,
2,
2,
2,
2,
2,
2,
2,
2,
2,
2,
2,
2,
2,
51,
101,
94,
51,
49,
53,
12,
2,
2,
2,
2,
2,
2,
2,
2,
2,
2,
2,
2,
2,
2,
2,
2,
2,
2,
2,
2,
2,
23,
38,
20,
0,
0,
0,
3,
2,
2,
2,
2,
2,
2,
2,
2,
2,
2,
2,
2,
2,
2,
2,
2,
2,
2,
2,
2,
2,
0,
0,
0,
0,
0,
0,
1,
2,
2,
2,
2,
2,
2,
2,
2,
2,
2,
2,
2,
2,
2,
2,
2,
2,
2,
2,
2,
2,
0,
0,
0,
0,
0,
2,
2,
2,
2,
2,
2,
2,
2,
2,
2,
2,
2,
2,
2,
0,
0,
0,
0,
0,
0,
0,
0,
0,
0,
0,
0,
0,
0,
0,
0,
0,
0,
0,
0,
0,
0,
0,
0,
0,
0,
0,
0,
0,
0,
0,
0,
0,
0,
0,
0,
0,
0,
0,
0,
0,
0,
0,
0,
0,
0,
0,
0,
0,
0,
0,
0,
0,
0,
0,
0,
0,
0,
0,
0,
0,
0,
0,
0,
0,
0,
0,
0,
0,
0,
0,
0,
0,
0,
0,
0,
0,
0,
0,
0,
0,
0,
0,
0,
0,
0,
0,
0,
0,
0,
0,
0,
0,
0,
0,
0,
0,
0,
0,
0,
0,
0,
0,
0,
0,
0,
0,
0,
0,
0,
0,
0,
0,
0,
0,
0,
0,
0,
0,
0,
0,
0,
0,
0,
0,
0,
0,
0,
0,
0,
0,
0,
0,
0,
0,
0,
0,
0,
0,
0,
0,
0,
0,
0,
0,
0,
0,
0,
0,
0,
0,
0,
0,
0,
0,
0,
0,
0,
0,
0,
0,
0,
0,
0,
0,
0,
0,
0,
0,
0,
0,
0,
0,
20,
44,
25,
25,
0,
0,
0,
0,
0,
0,
0,
0,
0,
0,
0,
0,
0,
0,
0,
0,
0,
0,
0,
0,
0,
0,
0,
0,
92,
126,
137,
141,
107,
80,
43,
39,
36,
36,
36,
36,
36,
36,
27,
0,
0,
0,
0,
0,
0,
0,
0,
0,
0,
0,
0,
0,
71,
117,
168,
201,
227,
222,
196,
165,
166,
164,
164,
162,
156,
166,
154,
75,
5,
0,
0,
0,
0,
0,
0,
0,
0,
0,
0,
0,
0,
33,
75,
92,
111,
153,
196,
165,
188,
184,
187,
183,
164,
240,
232,
168,
68,
16,
0,
0,
0,
0,
0,
0,
0,
0,
0,
0,
0,
0,
13,
2,
0,
2,
37,
50,
57,
62,
72,
70,
86,
185,
190,
139,
104,
27,
0,
0,
0,
0,
0,
0,
0,
0,
0,
0,
0,
0,
0,
0,
0,
0,
0,
8,
0,
0,
4,
13,
112,
108,
109,
117,
81,
12,
0,
0,
0,
0,
0,
0,
0,
0,
0,
0,
0,
0,
0,
0,
0,
0,
0,
0,
0,
0,
0,
42,
123,
126,
94,
109,
39,
0,
0,
0,
0,
0,
0,
0,
0,
0,
0,
0,
0,
0,
0,
0,
0,
0,
0,
0,
0,
0,
13,
105,
104,
116,
137,
83,
12,
0,
0,
0,
0,
0,
0,
0,
0,
0,
0,
0,
0,
0,
0,
0,
0,
0,
0,
0,
0,
0,
56,
123,
126,
83,
110,
47,
1,
0,
0,
0,
0,
0,
0,
0,
0,
0,
0,
0,
0,
0,
0,
0,
0,
0,
0,
0,
0,
0,
89,
112,
108,
124,
67,
4,
0,
0,
0,
0,
0,
0,
0,
0,
0,
0,
0,
0,
0,
0,
0,
0,
0,
0,
0,
0,
0,
37,
101,
112,
87,
107,
31,
0,
0,
0,
0,
0,
0,
0,
0,
0,
0,
0,
0,
0,
0,
0,
0,
0,
0,
0,
0,
0,
18,
105,
103,
90,
114,
64,
3,
0,
0,
0,
0,
0,
0,
0,
0,
0,
0,
0,
0,
0,
0,
0,
0,
0,
0,
0,
0,
0,
87,
118,
116,
92,
106,
28,
0,
0,
0,
0,
0,
0,
0,
0,
0,
0,
0,
0,
0,
0,
0,
0,
0,
0,
0,
0,
0,
64,
113,
117,
112,
120,
61,
3,
0,
0,
0,
0,
0,
0,
0,
0,
0,
0,
0,
0,
0,
0,
0,
0,
0,
0,
0,
0,
7,
134,
118,
119,
109,
98,
24,
0,
0,
0,
0,
0,
0,
0,
0,
0,
0,
0,
0,
0,
0,
0,
0,
0,
0,
0,
0,
4,
73,
96,
119,
110,
111,
44,
0,
0,
0,
0,
0,
0,
0,
0,
0,
0,
0,
0,
0,
0,
0,
0,
0,
0,
0,
0,
0,
47,
131,
120,
88,
110,
63,
6,
0,
0,
0,
0,
0,
0,
0,
0,
0,
0,
0,
0,
0,
0,
0,
0,
0,
0,
0,
0,
13,
101,
110,
181,
130,
87,
18,
0,
0,
0,
0,
0,
0,
0,
0,
0,
0,
0,
0,
0,
0,
0,
0,
0,
0,
0,
0,
0,
53,
121,
147,
204,
149,
75,
7,
0,
0,
0,
0,
0,
0,
0,
0,
0,
0,
0,
0,
0,
0,
0,
0,
0,
0,
0,
0,
0,
59,
123,
174,
152,
148,
73,
6,
0,
0,
0,
0,
0,
0,
0,
0,
0,
0,
0,
0,
0,
0,
0,
0,
0,
0,
0,
0,
0,
7,
67,
131,
102,
97,
39,
0,
0,
0,
0,
0,
0,
0,
0,
0,
0,
0,
0,
0,
0,
0,
0,
0,
0,
0,
0,
0,
0,
0,
0,
22,
75,
30,
0,
0,
0,
0,
0,
0,
0,
0,
0,
0,
0,
0,
0,
0,
16,
16,
16,
16,
16,
16,
16,
16,
16,
16,
16,
16,
16,
16,
16,
16,
16,
16,
16,
16,
16,
16,
16,
16,
16,
16,
16,
16,
16,
16,
16,
16,
16,
16,
16,
16,
16,
16,
16,
16,
16,
16,
16,
16,
16,
16,
16,
16,
16,
16,
16,
16,
16,
16,
16,
16,
16,
16,
16,
16,
16,
16,
16,
16,
16,
16,
16,
16,
16,
16,
16,
16,
16,
16,
16,
16,
16,
16,
16,
16,
16,
16,
16,
16,
16,
16,
16,
16,
16,
16,
16,
16,
16,
16,
16,
16,
16,
16,
16,
16,
16,
16,
16,
16,
16,
16,
16,
16,
16,
16,
16,
16,
16,
16,
16,
16,
16,
16,
16,
16,
16,
16,
16,
16,
16,
16,
16,
16,
16,
16,
16,
16,
16,
16,
16,
16,
16,
16,
16,
16,
16,
16,
16,
16,
16,
16,
16,
16,
16,
16,
16,
16,
16,
16,
16,
16,
16,
16,
16,
16,
16,
16,
16,
16,
16,
16,
16,
16,
16,
16,
16,
16,
16,
0,
0,
0,
0,
0,
0,
0,
1,
16,
16,
16,
16,
16,
16,
16,
16,
16,
16,
16,
16,
16,
16,
16,
16,
16,
16,
16,
16,
0,
0,
0,
0,
0,
0,
0,
0,
0,
0,
0,
0,
0,
0,
0,
0,
0,
0,
16,
16,
16,
16,
16,
16,
16,
16,
16,
16,
26,
79,
124,
125,
63,
0,
0,
0,
0,
0,
0,
0,
0,
0,
0,
0,
0,
0,
16,
16,
16,
16,
16,
16,
16,
16,
16,
16,
106,
174,
238,
245,
242,
252,
232,
230,
211,
206,
190,
192,
208,
153,
48,
0,
0,
13,
16,
16,
16,
16,
16,
16,
16,
16,
16,
16,
44,
75,
76,
92,
114,
155,
188,
205,
216,
215,
233,
231,
193,
89,
21,
49,
64,
54,
16,
16,
16,
16,
16,
16,
16,
16,
16,
16,
16,
16,
16,
16,
16,
23,
46,
37,
56,
58,
66,
55,
0,
0,
0,
96,
92,
35,
16,
16,
16,
16,
16,
16,
16,
16,
16,
16,
16,
16,
16,
16,
16,
16,
16,
16,
16,
16,
16,
0,
0,
0,
31,
55,
51,
19,
16,
16,
16,
16,
16,
16,
16,
16,
16,
16,
16,
16,
16,
16,
16,
16,
16,
16,
16,
16,
0,
0,
0,
0,
103,
109,
39,
16,
16,
16,
16,
16,
16,
16,
16,
16,
16,
16,
16,
16,
16,
16,
16,
16,
16,
16,
16,
16,
0,
0,
0,
90,
107,
71,
22,
16,
16,
16,
16,
16,
16,
16,
16,
16,
16,
16,
16,
16,
16,
16,
16,
16,
16,
16,
16,
13,
0,
0,
30,
91,
87,
26,
16,
16,
16,
16,
16,
16,
16,
16,
16,
16,
16,
16,
16,
16,
16,
16,
16,
16,
16,
16,
16,
0,
0,
0,
63,
85,
58,
17,
16,
16,
16,
16,
16,
16,
16,
16,
16,
16,
16,
16,
16,
16,
16,
16,
16,
16,
16,
16,
0,
0,
0,
0,
84,
82,
24,
16,
16,
16,
16,
16,
16,
16,
16,
16,
16,
16,
16,
16,
16,
16,
16,
16,
16,
16,
16,
9,
0,
0,
0,
77,
86,
56,
16,
16,
16,
16,
16,
16,
16,
16,
16,
16,
16,
16,
16,
16,
16,
16,
16,
16,
16,
16,
15,
0,
0,
0,
49,
105,
87,
24,
16,
16,
16,
16,
16,
16,
16,
16,
16,
16,
16,
16,
16,
16,
16,
16,
16,
16,
16,
16,
3,
0,
0,
6,
123,
112,
48,
16,
16,
16,
16,
16,
16,
16,
16,
16,
16,
16,
16,
16,
16,
16,
16,
16,
16,
16,
16,
5,
0,
0,
0,
130,
136,
72,
21,
16,
16,
16,
16,
16,
16,
16,
16,
16,
16,
16,
16,
16,
16,
16,
16,
16,
16,
16,
16,
0,
0,
0,
29,
84,
73,
27,
16,
16,
16,
16,
16,
16,
16,
16,
16,
16,
16,
16,
16,
16,
16,
16,
16,
16,
16,
16,
0,
0,
0,
0,
7,
14,
23,
16,
16,
16,
16,
16,
16,
16,
16,
16,
16,
16,
16,
16,
16,
16,
16,
16,
16,
16,
16,
16,
0,
0,
0,
0,
6,
22,
19,
16,
16,
16,
16,
16,
16,
16,
16,
16,
16,
16,
16,
16,
16,
16,
16,
16,
16,
16,
16,
16,
0,
4,
8,
98,
130,
117,
33,
16,
16,
16,
16,
16,
16,
16,
16,
16,
16,
16,
16,
16,
16,
16,
16,
16,
16,
16,
16,
16,
65,
165,
255,
255,
165,
59,
22,
16,
16,
16,
16,
16,
16,
16,
16,
16,
16,
16,
16,
16,
16,
16,
16,
16,
16,
16,
16,
16,
66,
142,
165,
98,
49,
19,
16,
16,
16,
16,
16,
16,
16,
16,
16,
16,
16,
16,
16,
