-4001,
3305,
-1026,
-11131,
-4558,
-2842,
-1910,
-1400,
-5248,
-6421,
-6132,
-218,
-9213,
4191,
876,
-7217,
3414,
-2314,
-9173,
-3725,
-138,
-4059,
-7178,
-2233,
-1880,
2859,
-3400,
392,
-8873,
-1791,
-989,
-71,
-1095,
1971,
-3626,
-810,
-2353,
65,
508,
-5261,
1057,
-5594,
-1764,
-545,
-587,
4253,
-2675,
-14931,
1547,
-3180,
-4436,
-3698,
503,
2294,
-1370,
254,
-1796,
-6062,
-3311,
-1247,
-1224,
-8957,
-4403,
-1385,
4444,
-5046,
-1881,
2361,
-11107,
68,
-4088,
-7253,
-2073,
890,
-5977,
13,
-5999,
1031,
1580,
-8503,
-2529,
-1992,
-4602,
-6885,
-1671,
-5971,
1509,
942,
-640,
1082,
-7001,
-2273,
1797,
-7337,
-4125,
-8272,
931,
3409,
541,
-13000,
-3609,
1231,
-7536,
877,
-2957,
-5644,
837,
-2014,
-1590,
-3647,
-2052,
-3779,
-5109,
-8928,
-4780,
-2962,
-10706,
3023,
-930,
-3785,
-1251,
-1747,
-4568,
-5778,
-711,
-6197,
-119,
3992,
