236,
232,
233,
233,
233,
233,
233,
233,
233,
233,
234,
234,
234,
234,
234,
234,
234,
233,
232,
231,
233,
233,
233,
234,
233,
234,
233,
233,
233,
234,
234,
233,
239,
236,
236,
236,
236,
236,
236,
236,
236,
236,
237,
237,
237,
237,
237,
237,
238,
237,
237,
235,
235,
235,
236,
237,
237,
237,
236,
236,
236,
237,
237,
236,
238,
235,
235,
235,
235,
235,
235,
235,
235,
235,
235,
235,
235,
235,
236,
236,
237,
237,
236,
235,
228,
232,
232,
235,
235,
235,
235,
235,
235,
236,
236,
235,
239,
236,
236,
236,
236,
236,
236,
236,
235,
235,
235,
235,
235,
235,
236,
236,
234,
233,
229,
224,
187,
210,
208,
229,
237,
235,
235,
235,
235,
236,
236,
236,
238,
235,
236,
236,
236,
236,
236,
236,
235,
235,
236,
236,
235,
235,
236,
236,
237,
234,
220,
204,
164,
196,
215,
231,
238,
236,
236,
236,
236,
237,
237,
237,
240,
237,
237,
237,
237,
237,
236,
236,
235,
236,
238,
238,
235,
233,
236,
230,
209,
195,
186,
175,
166,
185,
208,
227,
237,
237,
237,
237,
237,
238,
238,
238,
229,
229,
233,
232,
235,
238,
238,
237,
238,
238,
240,
240,
226,
225,
234,
222,
184,
162,
160,
155,
145,
144,
157,
199,
234,
237,
236,
236,
236,
237,
238,
240,
213,
225,
231,
228,
230,
235,
238,
239,
240,
240,
240,
241,
202,
220,
234,
215,
194,
186,
185,
174,
166,
160,
163,
187,
230,
235,
234,
234,
235,
237,
238,
239,
217,
222,
226,
226,
228,
232,
237,
239,
239,
239,
238,
240,
198,
221,
234,
231,
210,
210,
220,
209,
210,
211,
218,
219,
226,
229,
229,
231,
231,
236,
238,
239,
118,
119,
124,
137,
173,
226,
236,
238,
237,
236,
236,
234,
215,
227,
233,
237,
229,
228,
232,
226,
226,
218,
202,
186,
173,
168,
168,
187,
224,
236,
237,
239,
109,
103,
108,
111,
147,
223,
228,
230,
237,
235,
232,
231,
230,
232,
233,
231,
232,
232,
230,
224,
192,
165,
147,
138,
135,
129,
121,
150,
217,
235,
236,
238,
196,
189,
200,
201,
210,
224,
214,
212,
217,
221,
220,
211,
210,
212,
217,
221,
226,
227,
226,
219,
184,
176,
182,
179,
187,
171,
143,
186,
220,
232,
235,
237,
194,
192,
203,
215,
224,
215,
204,
172,
178,
208,
175,
98,
93,
101,
111,
122,
138,
154,
203,
224,
219,
221,
224,
218,
222,
213,
197,
223,
220,
222,
233,
236,
113,
111,
113,
125,
139,
171,
192,
191,
209,
217,
159,
54,
45,
49,
53,
66,
102,
160,
222,
235,
234,
228,
224,
208,
203,
212,
213,
200,
180,
189,
212,
222,
61,
69,
63,
68,
123,
140,
152,
196,
215,
207,
164,
103,
95,
101,
139,
182,
208,
222,
220,
206,
184,
159,
148,
132,
125,
131,
137,
134,
129,
139,
183,
198,
40,
58,
85,
127,
133,
96,
119,
164,
174,
185,
183,
182,
184,
199,
219,
201,
175,
160,
146,
133,
116,
98,
94,
99,
105,
107,
122,
139,
151,
158,
189,
186,
13,
26,
135,
207,
139,
118,
142,
173,
182,
208,
221,
229,
225,
231,
227,
177,
145,
139,
143,
146,
155,
150,
150,
155,
158,
161,
174,
188,
191,
179,
166,
158,
5,
58,
201,
226,
198,
200,
213,
227,
230,
234,
233,
231,
210,
224,
222,
211,
199,
181,
194,
189,
190,
195,
193,
185,
173,
172,
162,
145,
137,
132,
129,
139,
39,
146,
191,
187,
185,
193,
195,
195,
195,
192,
193,
191,
178,
181,
155,
148,
146,
157,
147,
113,
114,
133,
126,
111,
92,
91,
93,
94,
105,
121,
130,
130,
122,
163,
144,
138,
132,
129,
127,
131,
132,
129,
127,
130,
130,
124,
104,
100,
102,
118,
112,
94,
94,
94,
87,
83,
80,
83,
93,
101,
108,
115,
121,
131,
73,
76,
77,
80,
84,
87,
87,
90,
94,
102,
107,
113,
115,
118,
118,
120,
115,
110,
106,
100,
95,
85,
79,
80,
80,
77,
80,
82,
92,
113,
125,
137,
13,
3,
9,
18,
18,
21,
20,
22,
26,
34,
42,
48,
52,
60,
66,
70,
71,
72,
67,
60,
55,
53,
53,
57,
57,
57,
72,
87,
104,
120,
131,
138,
36,
11,
8,
32,
36,
22,
8,
3,
1,
0,
0,
0,
6,
5,
1,
3,
13,
24,
21,
21,
21,
22,
30,
39,
57,
85,
113,
123,
116,
122,
135,
154,
35,
26,
13,
27,
71,
70,
49,
27,
15,
5,
2,
0,
17,
57,
31,
10,
4,
4,
7,
14,
25,
41,
62,
86,
122,
145,
133,
114,
117,
133,
147,
173,
16,
13,
4,
3,
45,
65,
54,
36,
18,
4,
2,
0,
7,
118,
162,
132,
112,
105,
105,
109,
118,
139,
155,
152,
127,
105,
106,
120,
130,
143,
165,
185,
40,
12,
0,
0,
12,
30,
32,
21,
7,
2,
2,
3,
0,
68,
183,
206,
197,
195,
196,
188,
173,
151,
123,
103,
95,
104,
122,
130,
133,
153,
172,
186,
69,
26,
1,
1,
4,
12,
18,
12,
4,
2,
2,
4,
1,
32,
154,
204,
196,
192,
180,
156,
119,
91,
81,
94,
117,
125,
125,
130,
145,
163,
174,
185,
83,
47,
1,
2,
2,
5,
7,
4,
1,
1,
1,
3,
1,
27,
143,
206,
199,
170,
121,
85,
74,
85,
102,
121,
129,
122,
121,
133,
148,
166,
177,
187,
92,
54,
6,
3,
2,
1,
1,
1,
1,
1,
1,
1,
0,
15,
102,
158,
117,
74,
56,
74,
99,
115,
122,
124,
123,
125,
129,
137,
149,
163,
178,
189,
87,
43,
19,
11,
8,
5,
2,
2,
3,
3,
3,
2,
0,
4,
42,
71,
53,
57,
80,
113,
133,
135,
123,
116,
120,
132,
140,
144,
157,
170,
183,
189,
82,
46,
36,
31,
27,
22,
17,
16,
18,
19,
20,
19,
19,
23,
37,
64,
87,
104,
116,
129,
140,
132,
117,
115,
123,
132,
140,
149,
160,
175,
186,
188,
85,
62,
58,
55,
51,
47,
46,
48,
49,
51,
53,
55,
59,
68,
81,
104,
116,
127,
134,
127,
127,
118,
114,
122,
130,
137,
142,
150,
159,
169,
181,
187,
236,
232,
233,
233,
233,
233,
233,
233,
233,
233,
234,
234,
234,
234,
234,
233,
232,
232,
234,
234,
233,
232,
233,
234,
234,
234,
233,
233,
233,
234,
234,
233,
239,
236,
236,
236,
236,
236,
236,
236,
236,
236,
237,
237,
237,
237,
237,
237,
235,
235,
237,
237,
236,
235,
237,
237,
237,
237,
236,
236,
236,
237,
237,
236,
238,
235,
235,
235,
235,
235,
235,
235,
235,
235,
235,
235,
235,
235,
236,
235,
234,
235,
236,
236,
231,
236,
234,
235,
235,
235,
235,
235,
235,
236,
236,
235,
239,
236,
236,
236,
236,
236,
236,
236,
235,
235,
235,
235,
235,
235,
236,
236,
234,
233,
231,
227,
193,
217,
211,
229,
236,
235,
235,
235,
235,
236,
236,
236,
238,
235,
236,
236,
236,
236,
236,
236,
235,
235,
236,
236,
235,
235,
236,
236,
239,
238,
226,
211,
173,
206,
219,
230,
236,
236,
236,
236,
237,
237,
237,
237,
240,
236,
236,
236,
236,
236,
237,
236,
235,
236,
237,
237,
236,
234,
238,
232,
217,
206,
199,
189,
180,
197,
216,
229,
236,
237,
237,
237,
237,
238,
238,
238,
230,
228,
231,
229,
233,
237,
238,
238,
236,
236,
237,
238,
230,
229,
238,
227,
198,
181,
181,
177,
164,
160,
170,
207,
239,
238,
237,
236,
237,
239,
238,
238,
221,
231,
235,
233,
235,
238,
239,
238,
238,
238,
237,
239,
205,
223,
237,
219,
205,
202,
202,
192,
183,
175,
177,
200,
240,
240,
239,
239,
240,
240,
240,
239,
235,
237,
239,
240,
241,
239,
238,
237,
237,
237,
238,
240,
199,
222,
235,
232,
214,
217,
229,
219,
222,
225,
234,
236,
241,
239,
240,
241,
241,
241,
241,
239,
141,
139,
143,
156,
189,
235,
237,
235,
234,
236,
238,
238,
217,
229,
235,
238,
231,
231,
237,
233,
238,
234,
220,
205,
190,
180,
181,
200,
236,
242,
241,
241,
131,
121,
125,
127,
160,
230,
229,
227,
233,
235,
237,
238,
235,
236,
238,
236,
237,
238,
238,
233,
207,
185,
166,
157,
150,
141,
134,
163,
229,
242,
241,
241,
213,
203,
212,
212,
218,
228,
214,
210,
214,
223,
227,
222,
220,
222,
226,
230,
235,
237,
238,
232,
205,
199,
201,
195,
198,
179,
152,
196,
231,
241,
242,
241,
208,
203,
212,
218,
226,
220,
209,
175,
181,
214,
185,
112,
114,
121,
130,
139,
153,
168,
217,
237,
233,
234,
235,
227,
229,
220,
204,
231,
228,
231,
240,
242,
131,
125,
125,
132,
146,
183,
202,
200,
220,
231,
173,
71,
70,
73,
73,
84,
114,
169,
228,
240,
238,
232,
229,
212,
209,
219,
220,
207,
187,
198,
222,
232,
81,
86,
79,
85,
142,
156,
158,
201,
229,
224,
181,
121,
112,
117,
152,
193,
213,
223,
220,
204,
187,
167,
155,
139,
134,
140,
147,
143,
138,
154,
198,
213,
53,
70,
98,
145,
152,
107,
115,
159,
181,
195,
195,
194,
195,
210,
229,
211,
182,
166,
151,
137,
125,
111,
106,
111,
118,
121,
136,
152,
165,
175,
207,
204,
15,
29,
141,
217,
151,
123,
134,
163,
182,
210,
225,
235,
235,
242,
239,
190,
160,
155,
159,
164,
172,
166,
166,
172,
175,
178,
191,
205,
208,
197,
184,
176,
5,
62,
208,
233,
206,
208,
213,
225,
231,
237,
239,
239,
222,
239,
239,
229,
218,
201,
217,
214,
213,
215,
213,
205,
194,
192,
182,
166,
157,
147,
144,
155,
45,
156,
205,
197,
198,
212,
212,
209,
207,
204,
208,
208,
194,
199,
177,
170,
162,
172,
164,
134,
138,
158,
151,
136,
115,
112,
114,
116,
125,
134,
142,
143,
136,
180,
161,
155,
153,
153,
151,
151,
151,
148,
148,
150,
150,
146,
126,
122,
120,
135,
129,
109,
112,
117,
112,
103,
97,
103,
111,
117,
121,
125,
134,
145,
87,
90,
90,
93,
98,
102,
102,
105,
111,
119,
124,
132,
138,
137,
133,
134,
137,
134,
127,
119,
109,
101,
97,
92,
94,
100,
100,
98,
104,
119,
136,
150,
25,
11,
16,
26,
26,
25,
25,
30,
36,
43,
51,
59,
69,
75,
77,
79,
87,
88,
81,
72,
67,
68,
69,
69,
71,
78,
89,
100,
113,
124,
137,
147,
46,
16,
13,
44,
45,
25,
11,
8,
4,
2,
2,
4,
13,
18,
19,
23,
29,
38,
33,
31,
38,
44,
50,
58,
70,
90,
115,
123,
115,
123,
140,
161,
41,
27,
19,
41,
81,
70,
50,
31,
15,
5,
2,
0,
17,
64,
50,
36,
30,
30,
30,
35,
43,
55,
71,
97,
124,
132,
120,
105,
111,
135,
153,
180,
15,
10,
10,
12,
44,
52,
43,
33,
18,
4,
2,
1,
8,
117,
159,
129,
112,
105,
103,
105,
107,
115,
126,
126,
106,
86,
94,
116,
131,
148,
173,
195,
40,
10,
3,
4,
6,
12,
12,
10,
6,
1,
1,
2,
0,
58,
129,
131,
127,
123,
119,
113,
110,
96,
75,
66,
71,
93,
118,
133,
142,
163,
183,
198,
77,
29,
1,
1,
1,
2,
3,
2,
1,
0,
0,
0,
1,
12,
45,
47,
46,
48,
50,
49,
42,
38,
48,
77,
110,
126,
129,
136,
154,
177,
188,
199,
94,
52,
1,
1,
0,
1,
1,
0,
0,
0,
0,
0,
2,
3,
25,
32,
25,
25,
25,
29,
41,
66,
92,
113,
124,
126,
127,
140,
158,
180,
192,
202,
102,
60,
7,
2,
2,
3,
3,
2,
1,
0,
0,
1,
3,
1,
19,
31,
17,
13,
27,
58,
90,
115,
126,
124,
123,
131,
136,
146,
160,
177,
193,
203,
99,
51,
23,
12,
10,
11,
10,
7,
4,
4,
4,
3,
6,
5,
13,
21,
27,
50,
77,
98,
113,
126,
126,
125,
129,
139,
149,
155,
169,
185,
198,
203,
96,
57,
44,
35,
30,
28,
26,
23,
21,
21,
22,
23,
27,
31,
40,
55,
70,
88,
102,
112,
121,
122,
122,
127,
134,
140,
150,
161,
173,
190,
201,
203,
101,
75,
67,
61,
56,
53,
53,
55,
55,
56,
58,
62,
67,
71,
84,
96,
103,
109,
116,
121,
127,
124,
125,
132,
137,
146,
153,
163,
172,
184,
196,
201,
236,
232,
233,
233,
233,
233,
233,
233,
233,
233,
234,
234,
234,
234,
234,
234,
234,
234,
234,
233,
235,
235,
233,
231,
232,
234,
233,
233,
233,
234,
234,
233,
239,
236,
236,
236,
236,
236,
236,
236,
236,
236,
237,
237,
237,
237,
237,
237,
234,
234,
235,
235,
238,
239,
238,
236,
235,
237,
236,
236,
236,
237,
237,
236,
238,
235,
235,
235,
235,
235,
235,
235,
235,
235,
235,
235,
235,
235,
236,
235,
232,
232,
235,
237,
234,
239,
236,
235,
235,
235,
235,
235,
235,
236,
236,
235,
239,
236,
236,
236,
236,
236,
236,
236,
235,
235,
235,
235,
235,
235,
236,
235,
231,
232,
233,
232,
198,
220,
214,
231,
236,
235,
235,
235,
235,
236,
236,
236,
238,
235,
236,
236,
236,
236,
236,
236,
235,
235,
236,
236,
235,
235,
236,
236,
237,
238,
231,
220,
180,
209,
222,
233,
238,
236,
236,
236,
237,
237,
237,
237,
239,
236,
236,
236,
236,
236,
236,
236,
235,
236,
237,
237,
237,
235,
238,
233,
219,
211,
208,
201,
190,
203,
221,
233,
238,
236,
236,
236,
237,
238,
238,
238,
230,
229,
232,
231,
234,
237,
236,
236,
237,
237,
238,
239,
231,
230,
239,
229,
205,
191,
192,
191,
178,
172,
178,
212,
240,
235,
234,
236,
237,
238,
238,
239,
223,
234,
239,
235,
235,
237,
236,
237,
239,
239,
238,
240,
204,
222,
236,
219,
211,
211,
212,
204,
197,
188,
186,
205,
241,
239,
238,
239,
239,
239,
239,
239,
242,
244,
247,
244,
241,
238,
236,
236,
238,
238,
238,
240,
197,
219,
232,
230,
218,
223,
236,
228,
235,
236,
241,
242,
244,
241,
241,
241,
240,
240,
240,
239,
150,
149,
154,
162,
192,
234,
234,
233,
235,
236,
237,
236,
215,
227,
233,
237,
233,
236,
242,
240,
248,
244,
227,
212,
196,
187,
186,
202,
236,
240,
240,
240,
142,
134,
138,
138,
166,
232,
226,
225,
234,
235,
235,
236,
236,
237,
239,
237,
239,
241,
242,
239,
214,
192,
173,
164,
160,
154,
144,
167,
230,
240,
239,
240,
225,
216,
225,
224,
228,
232,
212,
207,
215,
223,
226,
220,
224,
226,
231,
234,
238,
240,
242,
238,
209,
204,
208,
203,
212,
197,
165,
203,
234,
239,
240,
240,
223,
218,
225,
235,
242,
228,
209,
175,
184,
215,
189,
121,
126,
133,
140,
148,
162,
175,
221,
238,
236,
239,
241,
234,
238,
230,
213,
238,
235,
234,
243,
243,
153,
148,
142,
152,
166,
194,
206,
205,
227,
235,
184,
92,
91,
91,
90,
98,
130,
180,
234,
242,
242,
238,
234,
218,
213,
221,
224,
215,
197,
206,
228,
235,
108,
114,
100,
102,
156,
165,
165,
208,
235,
229,
191,
139,
132,
136,
169,
208,
224,
233,
228,
213,
196,
175,
164,
148,
141,
145,
153,
152,
148,
161,
204,
217,
77,
94,
116,
154,
157,
110,
118,
162,
183,
198,
199,
201,
203,
218,
237,
218,
187,
173,
160,
150,
139,
123,
118,
123,
129,
131,
146,
162,
175,
185,
214,
209,
35,
47,
152,
221,
151,
123,
135,
163,
181,
212,
226,
234,
233,
241,
239,
191,
164,
163,
171,
178,
188,
183,
183,
188,
190,
192,
205,
218,
219,
209,
194,
184,
24,
79,
218,
240,
213,
212,
219,
230,
238,
247,
246,
240,
221,
240,
242,
235,
229,
215,
231,
230,
232,
235,
233,
225,
213,
210,
198,
180,
170,
162,
159,
166,
71,
180,
223,
217,
218,
230,
231,
228,
228,
229,
229,
222,
208,
216,
194,
189,
185,
196,
187,
157,
162,
181,
174,
159,
139,
136,
134,
132,
141,
152,
159,
157,
162,
208,
195,
190,
188,
191,
193,
194,
193,
191,
190,
190,
189,
187,
164,
155,
155,
171,
164,
146,
149,
154,
145,
137,
131,
135,
140,
142,
145,
147,
149,
157,
109,
113,
122,
127,
135,
143,
148,
151,
153,
161,
166,
173,
182,
187,
181,
176,
173,
169,
164,
156,
149,
140,
133,
127,
130,
134,
130,
122,
126,
139,
147,
157,
41,
25,
35,
48,
52,
56,
58,
61,
62,
70,
77,
87,
106,
121,
126,
126,
127,
126,
120,
112,
106,
104,
103,
102,
105,
110,
115,
119,
129,
137,
142,
150,
55,
20,
19,
53,
58,
41,
30,
24,
17,
15,
15,
20,
42,
56,
60,
62,
71,
81,
77,
76,
78,
79,
83,
90,
101,
118,
139,
139,
125,
129,
138,
159,
45,
26,
18,
41,
84,
76,
57,
37,
21,
11,
7,
7,
35,
91,
78,
62,
60,
62,
63,
69,
74,
83,
99,
123,
147,
150,
136,
114,
116,
134,
147,
176,
17,
9,
8,
11,
46,
57,
47,
35,
20,
7,
4,
3,
15,
135,
180,
149,
132,
125,
124,
127,
126,
134,
145,
142,
116,
91,
97,
116,
130,
145,
166,
191,
35,
7,
3,
4,
7,
17,
17,
12,
7,
3,
2,
3,
2,
64,
147,
149,
145,
142,
138,
130,
122,
106,
83,
69,
70,
88,
113,
126,
136,
159,
177,
195,
64,
21,
1,
2,
0,
5,
9,
5,
2,
0,
0,
1,
1,
11,
59,
68,
67,
69,
67,
59,
49,
42,
46,
71,
102,
116,
120,
129,
148,
172,
184,
197,
82,
43,
1,
2,
0,
2,
5,
2,
0,
0,
0,
0,
0,
2,
38,
54,
46,
43,
36,
34,
39,
56,
82,
105,
115,
115,
118,
132,
151,
175,
188,
200,
93,
50,
3,
1,
0,
1,
3,
2,
1,
0,
0,
1,
2,
0,
28,
47,
23,
12,
22,
55,
81,
99,
111,
112,
113,
119,
126,
138,
152,
172,
189,
202,
89,
37,
11,
4,
2,
4,
4,
2,
1,
1,
1,
2,
6,
2,
13,
24,
25,
41,
62,
82,
101,
113,
112,
111,
115,
126,
138,
146,
162,
180,
194,
202,
82,
36,
22,
17,
15,
15,
13,
12,
12,
13,
14,
15,
20,
21,
27,
45,
67,
81,
85,
88,
105,
110,
107,
112,
119,
127,
139,
152,
165,
184,
197,
201,
83,
48,
38,
37,
35,
33,
34,
38,
40,
41,
44,
46,
45,
48,
59,
74,
83,
92,
97,
97,
107,
106,
108,
117,
123,
134,
142,
154,
164,
179,
192,
200,
