94,
120,
0,
24,
0,
0,
0,
37,
157,
146,
255,
255,
45,
36,
0,
62,
18,
0,
208,
0,
0,
0,
96,
48,
186,
9,
72,
0,
153,
0,
145,
116,
0,
0,
0,
0,
0,
10,
232,
0,
66,
111,
148,
144,
0,
0,
73,
0,
12,
0,
113,
0,
0,
0,
55,
92,
0,
5,
59,
0,
17,
100,
114,
80,
100,
44,
255,
54,
77,
0,
0,
22,
0,
0,
94,
0,
61,
89,
0,
0,
0,
64,
0,
0,
23,
0,
84,
0,
108,
77,
100,
207,
87,
68,
30,
0,
144,
255,
158,
252,
0,
0,
179,
42,
0,
103,
136,
0,
0,
0,
0,
58,
48,
45,
110,
43,
38,
71,
89,
165,
95,
77,
0,
0,
134,
184,
27,
0,
255,
188,
0,
35,
49,
60,
0,
0,
0,
0,
12,
0,
44,
0,
133,
187,
31,
0,
105,
26,
0,
207,
48,
255,
0,
0,
0,
0,
41,
53,
0,
141,
84,
107,
5,
0,
0,
61,
153,
0,
59,
17,
136,
55,
169,
155,
0,
46,
60,
133,
40,
100,
27,
45,
0,
0,
29,
59,
199,
253,
0,
120,
54,
26,
27,
32,
133,
136,
19,
45,
255,
153,
143,
76,
158,
0,
114,
14,
0,
11,
67,
165,
135,
144,
32,
64,
0,
124,
130,
0,
255,
0,
9,
49,
70,
0,
24,
8,
0,
0,
227,
213,
121,
68,
0,
20,
0,
57,
10,
0,
0,
61,
0,
0,
0,
255,
54,
0,
0,
0,
152,
217,
24,
80,
0,
0,
87,
87,
