0,
0,
0,
0,
0,
0,
0,
0,
0,
0,
3,
0,
0,
0,
0,
0,
0,
0,
0,
0,
0,
0,
1,
0,
2,
14,
164,
47,
0,
0,
1,
0,
1,
0,
0,
0,
0,
0,
10,
6,
46,
0,
128,
77,
0,
0,
0,
0,
11,
17,
13,
0,
0,
2,
121,
0,
6,
0,
115,
193,
39,
0,
0,
0,
176,
217,
167,
4,
1,
1,
59,
11,
0,
0,
23,
54,
98,
157,
0,
0,
24,
139,
255,
110,
51,
172,
55,
40,
11,
0,
17,
19,
36,
203,
104,
0,
200,
194,
108,
45,
97,
255,
193,
192,
202,
104,
41,
42,
73,
48,
110,
2,
163,
147,
196,
199,
93,
0,
0,
33,
75,
64,
86,
62,
144,
68,
195,
73,
255,
138,
0,
78,
79,
0,
83,
0,
17,
17,
0,
0,
21,
50,
31,
40,
167,
189,
90,
92,
73,
79,
56,
92,
100,
134,
161,
60,
96,
63,
58,
24,
255,
156,
150,
155,
165,
164,
132,
103,
72,
49,
45,
34,
32,
37,
65,
33,
0,
163,
0,
63,
95,
139,
142,
147,
129,
52,
38,
42,
45,
24,
29,
48,
40,
198,
132,
4,
0,
45,
255,
20,
0,
0,
6,
34,
31,
36,
41,
56,
0,
66,
42,
6,
4,
9,
255,
195,
88,
75,
30,
40,
20,
51,
71,
36,
0,
10,
6,
5,
2,
6,
196,
183,
16,
46,
15,
20,
19,
46,
56,
30,
29,
0,
0,
0,
0,
0,
14,
46,
55,
59,
40,
59,
70,
92,
121,
94,
158,
154,
154,
154,
154,
154,
154,
155,
154,
154,
155,
155,
154,
155,
154,
169,
0,
0,
0,
0,
0,
0,
0,
0,
0,
0,
0,
0,
0,
0,
0,
0,
0,
0,
0,
0,
0,
0,
0,
0,
0,
0,
0,
0,
0,
0,
0,
0,
0,
0,
0,
0,
0,
0,
0,
0,
3,
46,
78,
58,
0,
0,
0,
0,
0,
0,
0,
0,
0,
0,
0,
0,
0,
2,
0,
0,
0,
0,
0,
0,
147,
133,
12,
0,
0,
0,
0,
0,
0,
0,
36,
62,
93,
92,
0,
0,
0,
0,
0,
0,
0,
99,
51,
118,
97,
0,
0,
0,
0,
0,
0,
0,
0,
44,
54,
0,
0,
161,
194,
135,
0,
0,
38,
57,
66,
53,
49,
0,
36,
52,
149,
119,
37,
0,
0,
37,
63,
74,
105,
105,
55,
0,
0,
0,
4,
0,
0,
0,
0,
0,
0,
0,
0,
0,
0,
0,
0,
0,
0,
0,
0,
0,
0,
0,
0,
0,
0,
0,
0,
0,
0,
0,
0,
2,
0,
0,
12,
0,
73,
54,
1,
0,
48,
244,
193,
147,
135,
108,
55,
1,
0,
0,
44,
0,
0,
0,
0,
0,
0,
112,
142,
126,
57,
0,
0,
0,
0,
0,
59,
31,
0,
0,
0,
0,
0,
0,
0,
0,
13,
10,
0,
0,
0,
0,
11,
24,
16,
8,
7,
11,
13,
0,
25,
21,
10,
0,
0,
0,
0,
0,
28,
37,
37,
46,
53,
60,
65,
48,
26,
0,
0,
0,
0,
0,
0,
0,
22,
22,
22,
22,
22,
22,
22,
27,
29,
20,
18,
23,
23,
22,
22,
28,
22,
22,
22,
22,
22,
22,
22,
27,
31,
21,
11,
22,
24,
22,
22,
28,
24,
26,
25,
22,
24,
25,
22,
21,
14,
0,
0,
20,
25,
22,
22,
28,
21,
25,
25,
26,
30,
29,
15,
9,
0,
0,
0,
0,
19,
20,
19,
29,
0,
0,
6,
30,
29,
25,
18,
17,
5,
0,
0,
0,
0,
0,
6,
25,
0,
0,
6,
32,
28,
7,
6,
6,
2,
0,
0,
0,
0,
0,
0,
20,
0,
0,
0,
12,
8,
0,
0,
0,
0,
0,
0,
0,
0,
0,
0,
13,
0,
0,
0,
11,
0,
0,
0,
0,
0,
5,
0,
0,
0,
0,
0,
0,
0,
0,
3,
34,
15,
0,
0,
0,
0,
0,
0,
0,
0,
0,
0,
0,
0,
0,
0,
0,
0,
0,
0,
0,
0,
0,
0,
0,
0,
0,
0,
0,
0,
0,
0,
0,
0,
0,
0,
0,
0,
0,
0,
0,
0,
0,
0,
0,
5,
0,
6,
6,
9,
8,
0,
0,
0,
0,
0,
0,
18,
27,
21,
10,
24,
13,
66,
67,
28,
22,
91,
218,
220,
211,
179,
147,
93,
51,
18,
7,
18,
23,
61,
65,
33,
28,
205,
255,
255,
255,
255,
150,
72,
21,
0,
0,
8,
21,
21,
21,
22,
23,
162,
255,
255,
223,
99,
43,
26,
1,
0,
0,
8,
24,
24,
14,
21,
19,
24,
99,
96,
90,
81,
17,
5,
0,
0,
0,
0,
0,
0,
0,
0,
0,
0,
0,
0,
0,
0,
0,
0,
0,
0,
0,
0,
0,
0,
0,
0,
0,
0,
0,
0,
0,
0,
0,
0,
0,
0,
0,
0,
0,
0,
0,
0,
0,
0,
0,
0,
0,
0,
0,
0,
0,
0,
0,
0,
0,
0,
0,
0,
0,
0,
0,
0,
0,
0,
0,
0,
0,
0,
0,
0,
0,
0,
0,
0,
0,
0,
0,
0,
0,
0,
0,
0,
0,
0,
0,
0,
0,
0,
0,
0,
0,
0,
0,
0,
0,
0,
0,
0,
0,
0,
0,
0,
0,
0,
0,
0,
0,
0,
0,
0,
0,
0,
0,
0,
0,
0,
0,
1,
0,
0,
0,
0,
0,
0,
0,
0,
0,
0,
0,
0,
0,
0,
0,
14,
0,
0,
0,
0,
0,
0,
0,
0,
0,
0,
0,
0,
0,
0,
0,
0,
0,
0,
0,
0,
0,
0,
0,
0,
0,
0,
0,
0,
0,
0,
0,
27,
30,
49,
55,
52,
48,
33,
23,
6,
12,
5,
0,
0,
0,
0,
0,
0,
0,
4,
24,
37,
43,
39,
15,
4,
7,
15,
13,
13,
8,
0,
0,
1,
4,
39,
40,
10,
9,
87,
241,
249,
226,
157,
93,
47,
0,
0,
0,
0,
1,
17,
20,
6,
4,
116,
255,
255,
255,
126,
19,
0,
0,
0,
0,
0,
0,
0,
0,
0,
0,
32,
148,
113,
3,
0,
0,
0,
0,
0,
0,
0,
0,
0,
0,
0,
0,
0,
0,
0,
0,
0,
0,
0,
0,
0,
0,
2,
0,
0,
0,
0,
0,
0,
0,
0,
0,
0,
0,
0,
0,
0,
27,
0,
0,
0,
0,
0,
0,
0,
0,
0,
0,
0,
0,
0,
0,
0,
18,
0,
0,
0,
0,
0,
0,
0,
0,
0,
0,
0,
0,
0,
0,
0,
18,
4,
0,
0,
0,
0,
0,
0,
0,
0,
0,
0,
0,
0,
0,
0,
19,
23,
1,
0,
0,
0,
0,
0,
0,
0,
0,
0,
4,
0,
0,
0,
26,
17,
0,
0,
0,
0,
0,
0,
0,
0,
0,
2,
6,
0,
0,
0,
30,
0,
0,
0,
0,
0,
4,
8,
5,
0,
0,
0,
0,
0,
0,
0,
32,
0,
0,
12,
0,
0,
0,
0,
0,
0,
0,
0,
0,
0,
0,
0,
38,
0,
0,
0,
0,
0,
0,
0,
0,
0,
0,
0,
0,
0,
0,
0,
33,
0,
0,
0,
0,
0,
0,
0,
0,
0,
0,
0,
0,
0,
0,
0,
19,
11,
0,
0,
0,
0,
0,
0,
0,
0,
0,
0,
0,
0,
0,
0,
32,
28,
35,
13,
0,
6,
7,
0,
0,
0,
0,
0,
0,
0,
0,
0,
48,
44,
39,
12,
0,
20,
21,
0,
0,
0,
0,
0,
0,
0,
11,
24,
54,
65,
36,
23,
11,
25,
27,
12,
0,
0,
0,
0,
4,
32,
37,
34,
56,
81,
74,
62,
62,
46,
42,
43,
0,
0,
0,
22,
57,
55,
48,
40,
55,
104,
103,
81,
81,
64,
64,
73,
63,
24,
37,
46,
66,
63,
51,
43,
55,
0,
0,
0,
0,
0,
0,
0,
0,
0,
0,
0,
0,
0,
0,
0,
0,
0,
0,
0,
0,
0,
0,
0,
0,
0,
0,
0,
0,
0,
0,
0,
0,
0,
0,
0,
0,
0,
0,
0,
0,
0,
0,
0,
0,
0,
0,
0,
0,
0,
0,
0,
0,
0,
0,
0,
0,
0,
0,
0,
0,
0,
0,
0,
0,
0,
0,
0,
0,
0,
0,
0,
0,
0,
0,
0,
0,
0,
0,
0,
0,
0,
0,
0,
0,
0,
0,
0,
0,
0,
0,
0,
0,
0,
0,
0,
0,
0,
0,
0,
0,
0,
0,
0,
0,
0,
0,
0,
0,
0,
0,
0,
0,
0,
0,
0,
0,
0,
0,
0,
0,
0,
0,
0,
0,
0,
0,
0,
0,
0,
0,
0,
0,
0,
0,
0,
0,
0,
0,
0,
0,
0,
0,
0,
0,
0,
0,
0,
0,
0,
0,
0,
0,
0,
0,
0,
0,
0,
0,
0,
0,
0,
0,
0,
0,
0,
0,
0,
0,
0,
0,
0,
0,
0,
0,
0,
0,
22,
29,
0,
0,
18,
17,
0,
0,
0,
0,
0,
0,
0,
0,
0,
0,
36,
48,
36,
36,
39,
37,
62,
0,
0,
0,
2,
2,
0,
0,
0,
0,
28,
60,
44,
41,
43,
42,
90,
75,
119,
92,
52,
0,
0,
0,
0,
0,
25,
59,
42,
38,
41,
40,
83,
79,
108,
32,
0,
0,
0,
0,
0,
0,
68,
69,
62,
54,
48,
46,
55,
58,
57,
67,
53,
39,
27,
16,
2,
0,
0,
0,
0,
0,
0,
0,
0,
0,
0,
0,
0,
0,
0,
0,
0,
25,
0,
0,
0,
0,
0,
0,
0,
0,
0,
0,
0,
0,
0,
0,
0,
33,
0,
0,
0,
0,
0,
0,
0,
0,
0,
0,
0,
0,
0,
0,
0,
33,
0,
0,
0,
0,
0,
0,
0,
38,
88,
150,
227,
230,
20,
0,
0,
30,
0,
0,
0,
0,
0,
0,
35,
13,
55,
42,
31,
0,
0,
0,
0,
31,
255,
255,
255,
0,
0,
0,
0,
0,
0,
0,
153,
212,
229,
206,
32,
28,
0,
0,
0,
89,
119,
216,
255,
255,
255,
18,
2,
0,
0,
0,
0,
0,
0,
202,
182,
85,
68,
255,
255,
255,
0,
118,
255,
255,
255,
253,
174,
15,
187,
180,
255,
255,
224,
49,
0,
166,
245,
220,
180,
176,
71,
0,
0,
0,
135,
0,
0,
0,
0,
0,
0,
80,
56,
11,
3,
0,
0,
17,
0,
26,
106,
75,
100,
0,
0,
0,
0,
0,
0,
0,
0,
0,
76,
126,
48,
56,
50,
35,
224,
215,
101,
41,
197,
255,
255,
255,
255,
255,
235,
69,
53,
75,
119,
45,
0,
0,
1,
12,
0,
102,
235,
227,
102,
5,
96,
53,
29,
38,
103,
64,
11,
5,
11,
10,
9,
0,
0,
0,
140,
114,
45,
25,
0,
33,
43,
107,
103,
85,
88,
97,
99,
66,
148,
125,
97,
13,
20,
37,
30,
30,
78,
121,
132,
153,
165,
181,
188,
184,
114,
67,
0,
12,
19,
7,
0,
14,
0,
0,
0,
0,
0,
0,
0,
0,
0,
0,
0,
0,
0,
0,
0,
0,
0,
0,
0,
0,
0,
0,
0,
0,
0,
0,
0,
0,
0,
0,
0,
0,
0,
0,
0,
0,
0,
0,
0,
0,
0,
0,
0,
0,
0,
0,
0,
0,
0,
0,
0,
0,
0,
0,
0,
0,
0,
0,
0,
0,
0,
0,
0,
0,
0,
0,
0,
0,
0,
0,
0,
0,
0,
0,
0,
0,
0,
0,
0,
0,
0,
0,
0,
0,
0,
0,
0,
0,
0,
0,
0,
0,
0,
0,
0,
0,
0,
0,
0,
0,
0,
0,
0,
0,
0,
0,
0,
0,
0,
0,
0,
0,
0,
0,
0,
0,
0,
0,
0,
0,
0,
0,
0,
0,
0,
0,
0,
0,
0,
0,
0,
0,
0,
0,
0,
0,
0,
0,
0,
0,
0,
0,
0,
0,
0,
0,
0,
0,
0,
0,
0,
0,
0,
0,
0,
0,
0,
0,
0,
0,
0,
0,
0,
0,
0,
0,
0,
0,
0,
0,
0,
0,
0,
0,
0,
0,
0,
0,
0,
0,
0,
0,
0,
0,
0,
0,
0,
0,
0,
0,
0,
0,
0,
0,
0,
0,
0,
0,
0,
0,
0,
0,
0,
0,
0,
0,
0,
0,
0,
0,
0,
0,
0,
0,
0,
0,
0,
0,
0,
0,
0,
0,
0,
0,
0,
0,
0,
0,
0,
0,
0,
0,
0,
0,
0,
0,
0,
0,
0,
0,
0,
0,
0,
0,
0,
0,
0,
0,
0,
0,
0,
0,
0,
0,
0,
0,
118,
116,
116,
116,
116,
117,
117,
119,
115,
119,
119,
120,
118,
117,
116,
255,
0,
0,
0,
0,
0,
0,
0,
0,
0,
36,
32,
26,
4,
0,
0,
47,
0,
0,
0,
0,
0,
0,
0,
21,
0,
27,
47,
25,
38,
0,
0,
50,
5,
3,
0,
0,
0,
55,
12,
9,
49,
40,
44,
38,
0,
0,
0,
45,
0,
16,
98,
0,
0,
1,
81,
21,
24,
0,
0,
39,
5,
24,
67,
48,
117,
112,
153,
0,
28,
0,
27,
8,
6,
95,
27,
11,
92,
13,
0,
48,
0,
0,
82,
141,
58,
142,
0,
38,
0,
0,
0,
1,
26,
98,
0,
64,
9,
183,
0,
0,
0,
205,
39,
96,
78,
21,
21,
13,
0,
0,
0,
0,
7,
52,
84,
50,
49,
33,
66,
104,
69,
0,
51,
30,
45,
80,
110,
11,
52,
11,
11,
18,
0,
0,
43,
25,
38,
39,
0,
0,
0,
0,
12,
29,
17,
0,
0,
0,
0,
0,
0,
5,
50,
18,
23,
0,
5,
25,
0,
38,
68,
30,
135,
83,
23,
4,
182,
207,
0,
0,
0,
0,
3,
87,
31,
70,
121,
58,
0,
23,
32,
25,
93,
175,
80,
22,
76,
86,
110,
0,
0,
44,
89,
15,
3,
0,
0,
0,
98,
11,
23,
55,
13,
0,
12,
0,
0,
38,
24,
93,
0,
0,
0,
2,
65,
18,
99,
0,
8,
14,
0,
7,
0,
23,
70,
20,
17,
10,
4,
6,
31,
0,
19,
25,
0,
0,
0,
0,
0,
40,
0,
0,
0,
0,
0,
0,
0,
0,
0,
0,
0,
0,
0,
0,
0,
255,
0,
0,
0,
0,
0,
0,
0,
0,
6,
196,
0,
0,
0,
0,
0,
255,
0,
0,
0,
0,
0,
4,
0,
104,
81,
191,
0,
0,
0,
0,
0,
255,
0,
0,
0,
0,
0,
197,
0,
143,
80,
71,
10,
0,
0,
0,
0,
255,
0,
0,
0,
0,
0,
207,
0,
61,
0,
24,
73,
66,
49,
0,
0,
255,
0,
0,
57,
90,
23,
191,
0,
0,
0,
128,
105,
68,
128,
0,
0,
255,
30,
0,
0,
89,
255,
255,
0,
0,
0,
34,
53,
89,
61,
66,
0,
255,
0,
0,
201,
0,
186,
255,
0,
135,
56,
90,
122,
79,
0,
15,
0,
255,
0,
193,
166,
0,
0,
70,
32,
171,
85,
52,
13,
71,
10,
25,
20,
255,
0,
47,
1,
1,
0,
64,
114,
70,
50,
150,
59,
115,
29,
28,
0,
255,
95,
0,
74,
41,
7,
0,
30,
12,
50,
82,
39,
32,
0,
0,
0,
255,
123,
0,
117,
122,
103,
34,
33,
102,
46,
33,
0,
0,
0,
11,
0,
255,
165,
40,
76,
117,
102,
34,
0,
58,
20,
55,
65,
23,
18,
0,
0,
255,
255,
78,
18,
57,
42,
34,
0,
85,
92,
82,
38,
0,
0,
0,
0,
255,
255,
89,
36,
40,
33,
28,
16,
110,
61,
0,
0,
3,
0,
0,
0,
255,
191,
70,
36,
23,
17,
12,
0,
0,
0,
0,
23,
0,
0,
0,
0,
255,
0,
0,
0,
0,
0,
0,
0,
0,
0,
0,
0,
0,
0,
0,
0,
0,
0,
0,
0,
0,
0,
0,
0,
0,
0,
0,
0,
0,
0,
0,
0,
0,
0,
0,
0,
0,
0,
0,
0,
0,
0,
0,
0,
0,
0,
0,
0,
0,
0,
0,
0,
0,
0,
0,
0,
0,
0,
0,
0,
0,
0,
0,
0,
0,
40,
0,
0,
0,
0,
0,
0,
0,
0,
0,
0,
0,
0,
0,
0,
0,
0,
0,
0,
0,
0,
0,
0,
0,
0,
0,
0,
0,
0,
0,
0,
0,
52,
0,
0,
0,
0,
19,
57,
0,
0,
0,
0,
0,
0,
0,
0,
0,
121,
5,
10,
0,
0,
0,
0,
0,
0,
0,
0,
0,
0,
0,
0,
0,
131,
0,
0,
0,
0,
0,
0,
0,
0,
0,
0,
0,
0,
0,
0,
0,
11,
0,
0,
0,
0,
0,
0,
0,
0,
0,
0,
0,
0,
0,
0,
0,
183,
138,
162,
153,
137,
106,
66,
42,
15,
35,
41,
39,
23,
2,
0,
0,
137,
140,
137,
183,
186,
182,
143,
180,
150,
122,
90,
59,
21,
0,
0,
0,
171,
175,
173,
127,
148,
171,
211,
0,
0,
0,
0,
0,
0,
0,
0,
0,
134,
170,
167,
156,
157,
158,
184,
75,
62,
48,
32,
19,
0,
0,
0,
0,
51,
161,
160,
158,
157,
158,
182,
164,
79,
65,
0,
0,
0,
0,
0,
0,
55,
96,
112,
117,
119,
116,
110,
99,
24,
0,
0,
0,
0,
0,
0,
0,
248,
250,
250,
250,
250,
251,
251,
251,
252,
250,
251,
249,
252,
250,
251,
255,
134,
0,
0,
0,
0,
0,
0,
0,
0,
38,
14,
0,
0,
0,
0,
13,
147,
0,
0,
0,
0,
0,
0,
21,
38,
8,
50,
13,
0,
0,
0,
13,
123,
0,
0,
0,
0,
25,
0,
0,
0,
0,
0,
2,
21,
0,
0,
14,
255,
77,
0,
0,
0,
0,
15,
0,
7,
33,
85,
124,
85,
25,
0,
12,
154,
80,
120,
22,
4,
123,
76,
63,
47,
8,
0,
0,
3,
69,
62,
10,
239,
84,
49,
0,
50,
50,
0,
0,
20,
108,
84,
73,
44,
142,
53,
5,
63,
66,
86,
33,
48,
0,
95,
197,
241,
117,
1,
0,
0,
0,
59,
85,
0,
248,
66,
117,
106,
54,
55,
37,
65,
156,
93,
123,
98,
133,
109,
0,
255,
173,
63,
53,
24,
6,
23,
0,
0,
0,
0,
0,
0,
12,
0,
0,
167,
0,
14,
15,
23,
33,
28,
48,
55,
31,
24,
0,
1,
0,
14,
12,
28,
20,
30,
21,
3,
0,
0,
0,
0,
0,
0,
61,
150,
71,
0,
52,
1,
8,
19,
0,
0,
0,
65,
66,
119,
137,
160,
188,
1,
22,
2,
49,
31,
0,
0,
0,
0,
0,
18,
74,
86,
23,
0,
64,
51,
6,
9,
14,
67,
0,
0,
0,
0,
0,
29,
74,
0,
52,
61,
58,
0,
0,
0,
15,
155,
60,
58,
73,
80,
90,
115,
171,
162,
150,
128,
143,
166,
184,
205,
208,
0,
0,
0,
0,
0,
0,
0,
0,
0,
0,
0,
0,
0,
0,
0,
0,
0,
0,
0,
0,
0,
0,
0,
0,
0,
0,
0,
0,
0,
0,
0,
0,
0,
0,
0,
0,
0,
0,
0,
0,
0,
0,
0,
0,
0,
0,
0,
0,
0,
0,
0,
0,
0,
0,
0,
0,
0,
0,
0,
0,
0,
0,
0,
0,
0,
0,
0,
0,
0,
0,
0,
0,
0,
0,
0,
0,
0,
0,
0,
0,
0,
0,
0,
0,
0,
0,
0,
0,
0,
0,
0,
0,
0,
0,
0,
0,
0,
0,
0,
0,
0,
0,
0,
0,
0,
0,
0,
0,
0,
0,
0,
0,
0,
0,
0,
0,
0,
0,
0,
0,
0,
0,
0,
0,
0,
0,
0,
0,
0,
0,
0,
0,
0,
0,
0,
0,
0,
0,
0,
0,
0,
0,
0,
0,
0,
0,
0,
0,
0,
0,
0,
0,
0,
0,
0,
0,
0,
0,
0,
0,
0,
0,
0,
0,
0,
0,
0,
0,
0,
0,
0,
0,
0,
0,
0,
0,
26,
12,
0,
0,
91,
115,
0,
0,
0,
0,
0,
0,
0,
0,
0,
0,
40,
93,
36,
24,
113,
129,
0,
0,
0,
0,
0,
0,
0,
0,
0,
0,
0,
130,
127,
119,
137,
137,
110,
0,
0,
0,
0,
0,
0,
0,
0,
0,
0,
108,
119,
125,
134,
134,
119,
0,
0,
0,
0,
0,
0,
0,
0,
0,
0,
0,
0,
0,
0,
0,
0,
0,
0,
0,
0,
0,
0,
0,
0,
0,
0,
0,
0,
0,
0,
0,
0,
0,
0,
0,
0,
0,
0,
0,
0,
0,
0,
0,
0,
0,
0,
0,
0,
0,
0,
0,
0,
0,
0,
0,
0,
0,
0,
0,
0,
0,
0,
0,
0,
0,
0,
0,
0,
0,
0,
0,
0,
0,
0,
0,
0,
0,
0,
0,
0,
0,
0,
0,
0,
0,
0,
0,
0,
0,
0,
0,
0,
0,
0,
0,
0,
0,
0,
0,
0,
0,
0,
0,
0,
0,
0,
0,
0,
0,
0,
0,
0,
0,
0,
0,
0,
0,
0,
0,
0,
0,
0,
0,
0,
0,
0,
0,
0,
0,
0,
0,
0,
0,
0,
0,
0,
0,
0,
0,
0,
0,
0,
0,
0,
0,
0,
0,
0,
0,
0,
0,
0,
0,
0,
0,
0,
0,
0,
0,
0,
0,
0,
0,
0,
0,
0,
0,
0,
0,
0,
0,
0,
0,
0,
0,
0,
0,
0,
0,
0,
0,
0,
0,
0,
0,
0,
0,
0,
0,
0,
0,
0,
0,
0,
0,
0,
0,
0,
0,
0,
0,
0,
0,
0,
0,
0,
0,
0,
0,
0,
0,
0,
0,
0,
0,
0,
0,
0,
0,
0,
0,
0,
0,
0,
0,
0,
0,
0,
0,
0,
0,
0,
0,
0,
0,
0,
0,
0,
0,
24,
179,
185,
107,
51,
0,
0,
0,
0,
0,
0,
0,
0,
0,
0,
0,
7,
143,
132,
14,
0,
0,
0,
0,
0,
0,
0,
0,
0,
0,
0,
0,
0,
0,
0,
0,
0,
0,
0,
0,
0,
0,
0,
0,
0,
0,
0,
0,
0,
0,
0,
0,
0,
0,
0,
0,
0,
0,
0,
0,
0,
0,
0,
0,
0,
0,
0,
0,
0,
0,
0,
0,
0,
0,
0,
0,
0,
0,
0,
0,
0,
0,
0,
0,
0,
0,
0,
0,
0,
0,
0,
0,
0,
0,
0,
0,
0,
0,
0,
0,
0,
0,
0,
0,
0,
0,
0,
0,
0,
0,
0,
0,
0,
0,
0,
0,
0,
0,
0,
0,
0,
0,
0,
0,
0,
0,
0,
0,
0,
0,
0,
0,
0,
0,
0,
0,
0,
0,
0,
0,
0,
0,
0,
0,
0,
0,
0,
0,
0,
0,
0,
0,
0,
0,
0,
0,
0,
0,
0,
0,
0,
0,
0,
0,
0,
0,
0,
0,
0,
0,
0,
0,
0,
0,
0,
0,
0,
0,
0,
0,
0,
0,
0,
0,
0,
0,
0,
0,
0,
0,
0,
0,
0,
0,
0,
0,
0,
0,
0,
0,
0,
0,
0,
0,
0,
0,
0,
0,
0,
0,
0,
0,
0,
0,
0,
0,
0,
0,
0,
0,
0,
0,
0,
0,
0,
0,
0,
0,
0,
0,
0,
0,
0,
0,
0,
0,
0,
0,
0,
0,
0,
0,
0,
0,
0,
0,
0,
0,
0,
0,
0,
0,
0,
0,
0,
0,
0,
0,
0,
0,
0,
0,
0,
0,
0,
0,
0,
0,
0,
0,
0,
0,
0,
0,
0,
0,
0,
0,
0,
0,
0,
0,
0,
0,
0,
0,
0,
0,
0,
0,
0,
0,
0,
0,
0,
0,
0,
0,
0,
0,
0,
0,
0,
0,
0,
0,
0,
0,
0,
0,
0,
0,
0,
0,
0,
0,
0,
0,
0,
0,
0,
0,
0,
0,
0,
0,
0,
0,
0,
0,
0,
0,
0,
0,
0,
0,
0,
0,
0,
0,
0,
0,
0,
0,
0,
0,
0,
0,
0,
0,
0,
0,
0,
0,
0,
0,
0,
0,
0,
0,
0,
0,
0,
0,
0,
0,
0,
0,
0,
0,
0,
0,
0,
0,
0,
0,
0,
0,
0,
0,
0,
0,
0,
0,
0,
0,
0,
0,
0,
0,
0,
0,
0,
0,
0,
0,
0,
0,
0,
0,
0,
0,
0,
0,
0,
0,
0,
0,
0,
0,
0,
0,
0,
0,
0,
0,
0,
0,
0,
0,
0,
0,
0,
0,
0,
0,
0,
0,
0,
0,
0,
0,
0,
0,
0,
0,
0,
0,
0,
0,
0,
0,
0,
0,
0,
0,
0,
0,
0,
0,
0,
0,
0,
0,
0,
0,
0,
0,
0,
0,
0,
0,
0,
0,
0,
0,
0,
0,
0,
0,
0,
0,
0,
0,
0,
0,
0,
0,
0,
0,
0,
0,
0,
0,
0,
0,
0,
0,
0,
0,
0,
0,
0,
0,
0,
0,
0,
0,
0,
0,
0,
0,
0,
0,
0,
0,
0,
0,
0,
0,
0,
0,
0,
0,
0,
0,
0,
0,
0,
0,
0,
0,
0,
0,
0,
0,
0,
0,
0,
0,
0,
0,
0,
0,
0,
0,
0,
0,
0,
0,
0,
0,
0,
0,
0,
0,
0,
0,
0,
0,
0,
0,
0,
0,
0,
0,
0,
0,
0,
0,
0,
0,
0,
0,
0,
0,
0,
0,
0,
0,
0,
0,
0,
0,
0,
0,
0,
0,
0,
0,
0,
0,
0,
0,
0,
0,
0,
0,
0,
0,
0,
0,
0,
0,
0,
0,
0,
0,
0,
0,
0,
0,
0,
0,
0,
0,
0,
0,
0,
0,
0,
0,
0,
0,
0,
0,
0,
0,
0,
0,
0,
0,
0,
0,
0,
0,
0,
0,
0,
0,
0,
0,
0,
0,
0,
0,
0,
0,
0,
0,
0,
0,
0,
0,
0,
0,
0,
0,
0,
0,
0,
0,
0,
0,
0,
0,
0,
0,
0,
0,
0,
0,
0,
0,
0,
0,
0,
0,
0,
0,
0,
0,
0,
0,
0,
0,
0,
0,
0,
0,
0,
0,
0,
0,
0,
0,
0,
0,
0,
0,
0,
0,
0,
0,
0,
0,
0,
0,
0,
0,
0,
0,
0,
0,
0,
0,
0,
0,
0,
0,
0,
0,
0,
0,
0,
0,
0,
0,
0,
0,
0,
0,
0,
0,
0,
0,
0,
0,
0,
0,
0,
0,
0,
0,
0,
0,
0,
0,
0,
0,
0,
0,
0,
0,
0,
0,
0,
0,
0,
0,
0,
0,
0,
0,
0,
0,
0,
0,
0,
0,
0,
0,
0,
0,
0,
0,
0,
0,
0,
0,
0,
0,
0,
0,
0,
0,
0,
0,
0,
0,
0,
0,
0,
0,
0,
0,
0,
0,
0,
0,
0,
0,
0,
0,
0,
0,
0,
0,
0,
0,
0,
0,
0,
0,
0,
0,
0,
0,
0,
0,
255,
0,
0,
0,
0,
0,
0,
0,
0,
0,
0,
0,
0,
0,
0,
0,
255,
0,
0,
0,
0,
0,
0,
0,
0,
0,
0,
0,
0,
0,
0,
0,
255,
0,
0,
0,
0,
0,
0,
0,
0,
0,
6,
15,
0,
0,
0,
0,
255,
0,
0,
0,
0,
0,
0,
0,
0,
0,
0,
28,
0,
0,
0,
0,
255,
32,
81,
0,
0,
0,
0,
0,
0,
0,
0,
0,
0,
54,
3,
0,
255,
0,
14,
0,
0,
0,
9,
5,
0,
0,
0,
0,
0,
58,
21,
0,
255,
70,
60,
0,
0,
0,
36,
59,
71,
9,
0,
0,
0,
0,
24,
9,
213,
103,
0,
54,
0,
0,
0,
0,
0,
0,
0,
0,
1,
0,
12,
6,
202,
176,
0,
0,
0,
0,
0,
0,
0,
0,
0,
0,
0,
0,
0,
0,
239,
74,
19,
10,
5,
0,
0,
0,
0,
0,
15,
0,
0,
0,
2,
0,
215,
52,
49,
55,
56,
75,
78,
55,
51,
11,
14,
15,
19,
4,
0,
0,
42,
85,
38,
0,
0,
42,
123,
10,
35,
17,
20,
19,
0,
0,
0,
0,
14,
51,
76,
0,
0,
0,
248,
114,
0,
0,
0,
0,
0,
0,
0,
0,
68,
0,
0,
0,
0,
0,
139,
121,
0,
0,
0,
0,
0,
0,
0,
0,
92,
0,
0,
0,
0,
0,
35,
75,
0,
0,
0,
0,
0,
0,
0,
0,
109,
0,
0,
0,
0,
0,
10,
37,
34,
26,
28,
42,
54,
70,
90,
86,
0,
0,
0,
0,
0,
0,
0,
0,
0,
0,
0,
0,
0,
0,
0,
255,
0,
0,
0,
0,
0,
0,
0,
0,
0,
0,
0,
0,
0,
0,
0,
255,
0,
0,
0,
0,
0,
0,
0,
0,
0,
0,
0,
0,
0,
0,
0,
255,
0,
0,
0,
0,
0,
0,
0,
0,
0,
0,
0,
0,
0,
0,
0,
255,
0,
0,
0,
0,
0,
0,
0,
0,
0,
0,
0,
0,
0,
0,
0,
255,
0,
0,
0,
0,
0,
0,
0,
0,
0,
0,
0,
0,
0,
0,
0,
255,
0,
0,
0,
0,
0,
145,
0,
0,
0,
0,
0,
0,
0,
0,
0,
255,
0,
0,
0,
0,
0,
61,
0,
0,
0,
0,
0,
0,
0,
0,
0,
255,
0,
0,
0,
0,
0,
0,
0,
0,
0,
0,
0,
0,
0,
0,
0,
255,
0,
0,
0,
0,
0,
0,
0,
0,
0,
0,
0,
0,
0,
0,
0,
255,
0,
0,
0,
0,
0,
0,
0,
0,
0,
0,
0,
0,
0,
0,
0,
255,
16,
0,
7,
22,
20,
0,
0,
0,
0,
0,
0,
0,
0,
0,
0,
255,
47,
2,
0,
25,
24,
0,
0,
0,
0,
0,
0,
0,
0,
0,
0,
255,
128,
41,
0,
1,
0,
0,
0,
0,
0,
0,
0,
0,
0,
0,
0,
255,
124,
49,
0,
0,
0,
0,
0,
0,
0,
0,
0,
0,
0,
0,
0,
255,
48,
3,
0,
0,
0,
0,
0,
0,
0,
0,
0,
0,
0,
0,
0,
255,
0,
0,
0,
0,
0,
0,
0,
0,
0,
0,
0,
0,
0,
0,
0,
0,
0,
0,
0,
0,
0,
0,
0,
0,
0,
0,
0,
0,
0,
0,
0,
0,
0,
0,
0,
0,
0,
0,
0,
0,
0,
0,
0,
0,
0,
0,
0,
0,
0,
0,
0,
0,
0,
0,
0,
0,
0,
0,
0,
0,
0,
0,
0,
0,
0,
0,
0,
0,
0,
0,
0,
0,
0,
0,
0,
0,
0,
0,
0,
0,
0,
0,
0,
0,
0,
0,
0,
0,
0,
0,
0,
0,
0,
0,
0,
0,
0,
0,
0,
0,
0,
0,
0,
0,
0,
0,
0,
0,
0,
0,
0,
0,
0,
0,
0,
0,
0,
0,
0,
0,
0,
0,
0,
0,
0,
0,
0,
0,
0,
0,
0,
0,
0,
0,
0,
0,
0,
0,
0,
0,
0,
0,
0,
0,
0,
0,
0,
0,
0,
0,
0,
0,
0,
0,
0,
0,
0,
0,
0,
0,
0,
0,
0,
0,
0,
0,
0,
0,
0,
0,
0,
0,
0,
0,
0,
0,
0,
0,
0,
0,
0,
0,
0,
0,
0,
0,
0,
0,
0,
0,
0,
0,
0,
0,
0,
0,
0,
0,
0,
0,
0,
0,
0,
0,
0,
0,
0,
0,
0,
0,
0,
0,
0,
0,
0,
0,
0,
0,
0,
0,
0,
0,
0,
0,
0,
0,
0,
0,
0,
0,
0,
0,
0,
0,
0,
0,
0,
0,
0,
0,
0,
0,
0,
0,
0,
0,
0,
0,
0,
0,
0,
0,
0,
0,
0,
0,
0,
0,
0,
0,
0,
0,
0,
0,
0,
0,
0,
0,
0,
0,
0,
44,
12,
0,
0,
0,
0,
0,
0,
0,
5,
83,
139,
91,
0,
0,
0,
62,
12,
0,
0,
0,
0,
0,
0,
36,
160,
160,
90,
16,
0,
0,
0,
53,
45,
22,
2,
0,
0,
29,
59,
36,
125,
114,
188,
212,
27,
0,
0,
56,
255,
255,
255,
2,
1,
2,
3,
0,
0,
0,
0,
175,
255,
255,
70,
57,
80,
131,
112,
90,
87,
83,
93,
65,
17,
42,
255,
255,
234,
225,
67,
59,
255,
255,
255,
146,
158,
255,
255,
255,
255,
156,
0,
71,
82,
94,
185,
114,
255,
255,
179,
243,
218,
0,
0,
0,
255,
255,
255,
255,
255,
255,
255,
169,
168,
0,
0,
0,
0,
0,
31,
83,
126,
0,
0,
0,
0,
197,
255,
211,
0,
240,
255,
255,
255,
255,
255,
255,
255,
255,
255,
255,
255,
255,
189,
78,
255,
255,
255,
255,
255,
255,
255,
255,
255,
255,
253,
185,
147,
106,
95,
58,
33,
20,
40,
175,
255,
255,
255,
255,
255,
255,
206,
136,
17,
50,
33,
16,
129,
163,
235,
201,
105,
56,
199,
107,
0,
0,
84,
255,
215,
164,
0,
32,
0,
51,
99,
100,
63,
43,
225,
255,
255,
255,
255,
213,
0,
11,
0,
45,
62,
26,
40,
44,
36,
37,
76,
216,
255,
157,
0,
13,
0,
0,
0,
47,
43,
0,
0,
0,
0,
0,
0,
0,
0,
0,
41,
27,
0,
10,
38,
50,
211,
0,
0,
0,
0,
0,
0,
0,
0,
0,
0,
0,
0,
0,
0,
0,
0,
0,
0,
0,
0,
0,
0,
0,
0,
0,
0,
0,
0,
0,
0,
0,
0,
0,
0,
0,
0,
0,
0,
0,
0,
0,
0,
0,
0,
0,
0,
0,
0,
0,
0,
0,
0,
0,
0,
0,
0,
0,
0,
0,
0,
0,
0,
0,
0,
0,
0,
0,
0,
0,
0,
0,
0,
0,
0,
0,
0,
0,
0,
0,
121,
0,
0,
0,
0,
0,
0,
0,
0,
0,
0,
0,
0,
0,
0,
0,
0,
0,
0,
0,
0,
0,
0,
69,
22,
0,
0,
0,
0,
0,
0,
0,
26,
137,
0,
0,
0,
0,
44,
0,
0,
0,
0,
0,
0,
0,
0,
0,
192,
126,
0,
0,
0,
0,
0,
0,
0,
0,
0,
0,
0,
0,
0,
0,
227,
0,
0,
0,
0,
0,
0,
0,
0,
0,
0,
0,
0,
0,
0,
0,
0,
0,
0,
0,
0,
0,
0,
0,
0,
0,
0,
0,
0,
0,
0,
0,
23,
53,
39,
0,
8,
29,
173,
83,
65,
78,
76,
42,
39,
0,
0,
0,
61,
9,
0,
5,
36,
38,
67,
1,
0,
0,
0,
0,
17,
0,
0,
0,
54,
34,
34,
34,
38,
37,
45,
20,
0,
28,
69,
49,
0,
0,
0,
0,
0,
41,
47,
49,
55,
56,
58,
44,
88,
91,
14,
0,
0,
0,
0,
0,
16,
36,
42,
61,
64,
67,
72,
69,
28,
0,
0,
0,
0,
0,
0,
0,
255,
35,
33,
33,
37,
35,
34,
33,
33,
35,
34,
35,
37,
33,
37,
30,
0,
0,
0,
0,
0,
0,
0,
0,
0,
0,
0,
61,
0,
0,
0,
0,
0,
0,
0,
0,
0,
0,
0,
0,
0,
0,
106,
63,
1,
0,
0,
0,
29,
0,
1,
0,
0,
0,
66,
0,
70,
30,
99,
139,
32,
0,
0,
0,
0,
47,
157,
0,
0,
0,
120,
0,
63,
40,
49,
0,
0,
84,
86,
0,
162,
220,
255,
0,
0,
0,
6,
0,
3,
0,
125,
98,
88,
255,
58,
0,
0,
0,
83,
164,
151,
70,
105,
255,
255,
162,
69,
0,
0,
119,
0,
1,
82,
255,
46,
169,
81,
255,
255,
255,
0,
26,
113,
176,
146,
168,
156,
57,
255,
255,
255,
227,
150,
60,
0,
0,
129,
165,
128,
111,
47,
0,
0,
39,
255,
0,
0,
0,
0,
0,
0,
29,
64,
48,
0,
0,
43,
67,
59,
26,
0,
45,
0,
0,
0,
0,
0,
0,
0,
0,
0,
0,
83,
114,
64,
40,
0,
73,
49,
17,
0,
50,
220,
170,
138,
184,
209,
206,
198,
17,
120,
120,
24,
33,
0,
0,
26,
28,
255,
61,
74,
83,
41,
21,
190,
137,
80,
85,
0,
7,
12,
7,
15,
10,
143,
16,
0,
92,
218,
220,
105,
64,
86,
26,
0,
81,
37,
30,
40,
46,
112,
26,
230,
236,
157,
11,
49,
59,
50,
33,
36,
66,
44,
71,
77,
90,
125,
140,
146,
18,
0,
44,
34,
38,
28,
0,
0,
0,
0,
0,
0,
0,
0,
0,
0,
0,
0,
0,
0,
0,
0,
0,
0,
0,
0,
0,
0,
0,
0,
0,
0,
0,
0,
0,
0,
0,
0,
0,
0,
0,
0,
0,
0,
0,
0,
0,
0,
0,
0,
0,
0,
0,
0,
0,
0,
0,
0,
0,
0,
0,
0,
0,
0,
0,
0,
0,
0,
0,
0,
0,
0,
0,
0,
0,
0,
0,
0,
0,
0,
0,
0,
0,
0,
0,
0,
0,
0,
0,
0,
0,
0,
0,
0,
0,
0,
0,
0,
0,
0,
0,
0,
0,
0,
0,
0,
0,
0,
0,
0,
0,
0,
0,
0,
0,
0,
0,
0,
0,
0,
0,
0,
0,
0,
0,
0,
0,
0,
0,
0,
0,
0,
0,
0,
0,
0,
0,
0,
0,
0,
0,
0,
0,
0,
0,
0,
0,
0,
0,
0,
0,
0,
0,
0,
0,
0,
0,
0,
0,
0,
0,
0,
0,
0,
0,
0,
0,
0,
0,
0,
0,
0,
0,
0,
0,
0,
0,
0,
0,
0,
0,
0,
0,
0,
0,
0,
0,
0,
0,
0,
0,
0,
0,
0,
0,
0,
0,
0,
0,
0,
0,
0,
0,
0,
0,
0,
0,
0,
0,
0,
0,
0,
0,
0,
0,
0,
0,
0,
0,
0,
0,
0,
0,
0,
0,
0,
0,
0,
0,
0,
0,
0,
0,
0,
0,
0,
0,
0,
0,
0,
0,
0,
0,
0,
0,
0,
0,
0,
0,
0,
0,
0,
0,
0,
0,
0,
0,
0,
0,
0,
0,
0,
0,
95,
94,
94,
94,
94,
94,
94,
94,
93,
98,
99,
94,
93,
94,
94,
94,
24,
23,
23,
23,
23,
22,
23,
22,
24,
53,
68,
45,
22,
23,
23,
22,
26,
23,
22,
23,
23,
24,
34,
44,
86,
105,
105,
85,
27,
23,
24,
23,
52,
50,
38,
22,
19,
24,
44,
54,
84,
104,
98,
72,
55,
41,
37,
26,
151,
141,
86,
27,
22,
30,
27,
35,
63,
90,
130,
133,
116,
92,
49,
33,
134,
123,
84,
37,
38,
127,
130,
125,
112,
79,
91,
89,
85,
73,
70,
43,
153,
148,
119,
81,
89,
116,
115,
112,
82,
80,
103,
104,
103,
104,
97,
75,
129,
98,
103,
81,
99,
94,
91,
112,
124,
102,
88,
81,
63,
69,
101,
116,
70,
119,
100,
86,
102,
97,
108,
149,
164,
205,
204,
199,
199,
169,
155,
133,
200,
194,
198,
200,
190,
182,
182,
170,
164,
167,
187,
181,
171,
167,
136,
110,
158,
169,
199,
208,
208,
221,
238,
229,
215,
209,
202,
187,
182,
161,
105,
84,
63,
81,
69,
62,
60,
78,
113,
164,
175,
172,
162,
141,
97,
86,
58,
35,
25,
45,
39,
30,
37,
36,
79,
56,
44,
33,
26,
33,
7,
19,
38,
50,
26,
33,
18,
16,
22,
23,
0,
0,
0,
0,
0,
0,
6,
27,
56,
63,
33,
17,
21,
25,
23,
27,
14,
0,
0,
0,
0,
11,
19,
38,
56,
64,
67,
41,
43,
51,
52,
57,
55,
44,
29,
31,
66,
94,
107,
129,
152,
162,
0,
0,
0,
0,
0,
0,
0,
0,
0,
0,
0,
0,
0,
0,
0,
0,
0,
0,
0,
0,
0,
0,
0,
0,
0,
0,
82,
7,
0,
0,
0,
0,
0,
0,
0,
0,
0,
0,
0,
0,
27,
68,
12,
14,
0,
0,
0,
0,
0,
0,
0,
0,
0,
0,
58,
10,
56,
2,
0,
0,
0,
0,
0,
0,
29,
48,
77,
0,
0,
19,
2,
0,
0,
0,
0,
40,
41,
47,
0,
0,
0,
0,
18,
0,
34,
0,
13,
6,
77,
38,
84,
32,
0,
37,
0,
0,
21,
105,
91,
90,
0,
166,
74,
83,
88,
0,
0,
11,
12,
76,
57,
18,
161,
115,
119,
40,
97,
143,
0,
14,
88,
80,
72,
87,
38,
51,
0,
70,
162,
66,
190,
0,
0,
0,
3,
110,
0,
0,
22,
0,
9,
97,
78,
95,
24,
135,
42,
32,
41,
36,
64,
69,
38,
90,
27,
73,
74,
27,
17,
16,
107,
71,
22,
32,
26,
43,
30,
47,
49,
62,
51,
38,
52,
37,
0,
1,
43,
30,
25,
36,
35,
60,
130,
5,
24,
56,
40,
39,
0,
116,
54,
0,
22,
24,
46,
41,
54,
26,
0,
14,
0,
0,
104,
172,
158,
0,
0,
0,
10,
73,
26,
33,
28,
22,
16,
0,
114,
178,
149,
15,
19,
18,
0,
0,
97,
55,
16,
18,
20,
21,
16,
93,
178,
24,
0,
23,
18,
0,
0,
0,
47,
20,
20,
13,
2,
2,
0,
0,
0,
20,
38,
16,
0,
0,
0,
255,
255,
6,
4,
4,
4,
8,
4,
4,
3,
7,
6,
5,
7,
4,
8,
40,
255,
0,
0,
0,
0,
0,
0,
0,
0,
0,
114,
62,
21,
0,
0,
0,
255,
1,
0,
0,
0,
1,
0,
20,
0,
0,
132,
115,
76,
0,
0,
1,
255,
17,
9,
0,
0,
8,
76,
64,
0,
21,
9,
144,
150,
0,
1,
2,
255,
31,
228,
5,
7,
2,
96,
53,
3,
33,
1,
12,
40,
87,
191,
2,
255,
47,
247,
0,
67,
0,
20,
28,
37,
81,
0,
0,
17,
187,
255,
14,
255,
53,
141,
30,
101,
0,
45,
118,
169,
209,
0,
1,
17,
104,
48,
140,
255,
249,
175,
222,
119,
0,
59,
121,
88,
54,
0,
7,
36,
72,
62,
188,
255,
255,
0,
155,
90,
28,
65,
21,
0,
31,
37,
13,
12,
39,
16,
21,
255,
255,
32,
16,
14,
18,
32,
0,
55,
0,
64,
0,
27,
35,
70,
60,
255,
107,
41,
35,
52,
54,
72,
31,
40,
0,
12,
33,
70,
85,
80,
84,
242,
145,
187,
0,
22,
41,
255,
59,
51,
45,
76,
89,
103,
69,
93,
140,
255,
60,
175,
21,
0,
35,
255,
255,
0,
20,
31,
32,
42,
80,
116,
125,
255,
34,
58,
42,
28,
36,
169,
255,
0,
28,
77,
100,
101,
67,
123,
77,
255,
9,
34,
33,
31,
33,
45,
234,
61,
131,
121,
65,
56,
61,
100,
78,
255,
5,
17,
28,
32,
34,
45,
118,
97,
87,
74,
38,
58,
58,
86,
68,
30,
21,
21,
21,
22,
21,
21,
21,
23,
24,
22,
20,
23,
23,
22,
20,
2,
0,
0,
0,
0,
0,
0,
0,
0,
0,
125,
7,
0,
0,
0,
0,
3,
0,
0,
0,
0,
0,
4,
0,
28,
3,
149,
0,
0,
0,
0,
0,
0,
1,
0,
0,
0,
0,
121,
0,
57,
6,
28,
10,
0,
0,
0,
0,
0,
13,
0,
0,
0,
0,
149,
0,
42,
25,
9,
11,
4,
29,
0,
0,
43,
18,
0,
44,
0,
85,
31,
2,
6,
0,
51,
22,
0,
124,
0,
0,
34,
7,
0,
60,
0,
255,
11,
0,
0,
0,
31,
40,
12,
96,
47,
0,
24,
7,
71,
22,
0,
188,
26,
0,
26,
0,
32,
21,
7,
0,
27,
0,
82,
0,
112,
0,
2,
0,
60,
55,
52,
48,
17,
10,
38,
0,
19,
5,
0,
12,
50,
0,
0,
0,
54,
42,
20,
66,
7,
8,
34,
8,
0,
0,
36,
12,
0,
4,
0,
0,
0,
25,
10,
36,
9,
9,
11,
0,
0,
0,
63,
59,
0,
27,
23,
31,
57,
30,
6,
4,
0,
0,
0,
0,
14,
0,
66,
40,
0,
22,
29,
21,
130,
27,
23,
0,
8,
7,
11,
0,
4,
0,
82,
141,
3,
5,
11,
0,
54,
0,
33,
44,
18,
22,
0,
6,
0,
0,
86,
140,
3,
1,
1,
1,
47,
0,
52,
38,
0,
3,
0,
0,
0,
0,
99,
35,
10,
9,
6,
6,
10,
3,
0,
13,
16,
27,
3,
6,
6,
0,
224,
224,
224,
224,
225,
226,
226,
226,
224,
225,
226,
225,
225,
224,
226,
224,
198,
197,
197,
197,
196,
197,
197,
196,
197,
189,
162,
196,
197,
198,
199,
199,
198,
198,
198,
198,
201,
201,
198,
195,
165,
128,
151,
193,
198,
199,
200,
201,
211,
207,
205,
200,
202,
204,
183,
174,
178,
170,
184,
224,
206,
204,
204,
203,
52,
90,
176,
196,
198,
200,
207,
199,
209,
203,
206,
179,
117,
158,
202,
203,
173,
201,
216,
160,
175,
174,
181,
191,
203,
195,
192,
193,
177,
218,
199,
203,
35,
59,
100,
168,
196,
0,
15,
134,
223,
197,
204,
174,
157,
188,
157,
179,
0,
103,
34,
99,
140,
195,
223,
200,
134,
63,
69,
90,
114,
153,
156,
147,
181,
192,
184,
190,
214,
212,
197,
156,
157,
176,
175,
174,
147,
125,
69,
41,
181,
100,
104,
99,
97,
88,
90,
54,
61,
23,
21,
0,
0,
6,
28,
37,
0,
0,
0,
0,
0,
0,
0,
0,
0,
0,
0,
0,
0,
6,
20,
37,
0,
0,
0,
0,
0,
0,
0,
18,
0,
0,
17,
34,
35,
6,
57,
102,
0,
0,
0,
0,
0,
0,
0,
30,
31,
23,
0,
0,
3,
28,
100,
123,
0,
0,
0,
0,
0,
0,
0,
0,
0,
0,
0,
8,
8,
44,
101,
123,
0,
0,
0,
0,
0,
0,
0,
0,
0,
0,
1,
0,
20,
64,
118,
129,
0,
0,
0,
0,
0,
0,
0,
0,
0,
0,
0,
0,
25,
66,
110,
120,
0,
0,
0,
0,
0,
0,
0,
0,
0,
0,
0,
0,
0,
0,
0,
0,
0,
0,
0,
0,
0,
0,
0,
0,
0,
0,
0,
0,
0,
0,
0,
0,
0,
0,
0,
0,
0,
0,
0,
0,
0,
0,
0,
0,
0,
0,
0,
0,
0,
0,
0,
0,
0,
0,
0,
0,
0,
0,
0,
0,
0,
0,
0,
0,
0,
0,
0,
0,
0,
0,
0,
0,
0,
0,
0,
0,
0,
0,
0,
0,
0,
0,
0,
0,
0,
0,
0,
0,
0,
0,
0,
0,
0,
0,
0,
0,
0,
0,
0,
0,
0,
0,
0,
0,
0,
0,
0,
0,
0,
0,
0,
0,
0,
0,
0,
0,
0,
0,
0,
0,
0,
0,
0,
0,
0,
0,
0,
0,
0,
0,
0,
0,
0,
0,
0,
0,
0,
0,
0,
0,
0,
0,
0,
0,
0,
0,
0,
0,
0,
0,
0,
0,
0,
0,
0,
0,
0,
0,
0,
0,
0,
0,
0,
0,
0,
0,
0,
0,
0,
0,
0,
0,
0,
0,
0,
0,
0,
0,
0,
0,
0,
0,
0,
0,
0,
0,
0,
0,
0,
0,
0,
0,
0,
0,
0,
0,
0,
0,
0,
0,
0,
0,
0,
0,
0,
0,
0,
0,
0,
0,
0,
0,
0,
0,
0,
0,
0,
0,
0,
0,
0,
0,
0,
0,
0,
0,
0,
0,
0,
0,
0,
0,
0,
0,
0,
0,
0,
0,
0,
0,
0,
0,
0,
0,
0,
0,
0,
0,
0,
0,
0,
0,
0,
0,
0,
0,
0,
0,
0,
0,
0,
0,
0,
0,
0,
0,
0,
0,
0,
0,
0,
0,
0,
0,
0,
0,
0,
0,
0,
0,
0,
0,
0,
0,
0,
0,
0,
0,
0,
0,
0,
0,
0,
0,
0,
0,
0,
0,
0,
0,
0,
0,
0,
0,
0,
0,
0,
0,
0,
0,
0,
0,
0,
0,
0,
0,
0,
0,
0,
0,
176,
166,
22,
0,
0,
0,
0,
0,
0,
0,
0,
0,
45,
43,
0,
0,
0,
0,
0,
0,
0,
0,
0,
0,
0,
0,
0,
2,
0,
0,
0,
0,
153,
165,
95,
0,
0,
164,
237,
210,
143,
0,
0,
0,
0,
0,
0,
0,
68,
60,
0,
21,
0,
0,
0,
0,
31,
65,
81,
119,
121,
97,
34,
0,
48,
0,
0,
0,
0,
0,
0,
0,
0,
0,
0,
0,
0,
6,
37,
0,
0,
38,
60,
69,
58,
53,
26,
62,
32,
99,
108,
113,
136,
98,
0,
0,
173,
184,
170,
189,
192,
189,
165,
126,
97,
82,
72,
36,
9,
0,
0,
0,
0,
0,
0,
30,
95,
135,
134,
133,
125,
93,
52,
3,
0,
0,
0,
0,
19,
57,
69,
54,
17,
2,
63,
0,
0,
0,
0,
56,
3,
0,
0,
0,
0,
0,
9,
8,
0,
0,
77,
54,
19,
71,
91,
8,
0,
0,
0,
0,
0,
0,
0,
0,
0,
0,
8,
15,
35,
0,
0,
0,
0,
0,
0,
0,
0,
0,
0,
0,
0,
0,
0,
0,
0,
0,
0,
0,
0,
0,
0,
0,
0,
0,
0,
0,
0,
0,
0,
0,
0,
0,
0,
0,
0,
0,
0,
0,
0,
0,
0,
0,
0,
0,
0,
0,
0,
0,
0,
0,
0,
0,
0,
0,
0,
0,
0,
0,
0,
0,
0,
0,
0,
0,
0,
0,
0,
0,
0,
0,
0,
0,
0,
0,
0,
0,
0,
0,
0,
0,
0,
0,
0,
0,
0,
0,
0,
0,
0,
0,
0,
0,
0,
0,
0,
0,
0,
0,
0,
0,
0,
0,
0,
0,
0,
0,
0,
0,
0,
0,
0,
0,
0,
0,
0,
0,
0,
0,
0,
0,
0,
0,
0,
0,
0,
0,
0,
0,
0,
0,
0,
0,
0,
0,
0,
0,
0,
0,
0,
0,
0,
0,
0,
0,
0,
0,
0,
0,
0,
0,
0,
0,
0,
0,
0,
0,
0,
0,
0,
0,
0,
0,
0,
0,
0,
0,
0,
0,
0,
0,
0,
0,
0,
0,
0,
0,
0,
0,
0,
0,
0,
0,
0,
0,
0,
0,
0,
0,
0,
0,
0,
0,
0,
0,
0,
0,
0,
0,
0,
0,
0,
0,
0,
0,
0,
0,
0,
0,
0,
0,
0,
0,
0,
0,
0,
0,
0,
0,
0,
0,
0,
0,
0,
0,
0,
0,
0,
0,
0,
0,
0,
0,
0,
0,
0,
0,
0,
0,
0,
0,
0,
0,
0,
0,
0,
0,
0,
0,
0,
0,
0,
0,
0,
0,
0,
0,
0,
0,
0,
0,
0,
0,
0,
0,
0,
0,
0,
0,
0,
0,
0,
0,
0,
0,
0,
0,
0,
0,
