99,
140,
161,
255,
12,
34,
60,
52,
55,
39,
106,
170,
27,
63,
51,
75,
0,
0,
0,
0,
0,
0,
0,
54,
0,
0,
34,
2,
0,
23,
29,
0,
105,
0,
0,
6,
65,
77,
0,
56,
118,
0,
32,
0,
39,
0,
123,
219,
20,
25,
31,
0,
0,
3,
0,
0,
131,
55,
0,
0,
238,
170,
0,
5,
108,
104,
18,
73,
0,
0,
1,
31,
0,
0,
245,
255,
0,
22,
255,
255,
0,
0,
59,
6,
0,
0,
0,
9,
0,
0,
0,
0,
40,
0,
0,
0,
42,
89,
0,
59,
0,
0,
0,
0,
0,
0,
0,
0,
69,
90,
0,
50,
0,
0,
54,
0,
67,
0,
71,
118,
0,
0,
105,
45,
52,
142,
0,
0,
59,
0,
68,
0,
172,
0,
101,
185,
48,
147,
73,
166,
0,
33,
36,
213,
89,
70,
38,
48,
63,
0,
0,
55,
97,
54,
0,
9,
0,
111,
204,
153,
0,
0,
42,
0,
0,
26,
21,
0,
0,
0,
0,
0,
0,
18,
38,
0,
28,
25,
128,
111,
53,
145,
0,
35,
0,
0,
0,
0,
0,
0,
0,
0,
0,
0,
0,
0,
0,
0,
11,
0,
0,
0,
0,
0,
74,
0,
23,
96,
0,
72,
86,
0,
59,
28,
0,
0,
149,
53,
0,
0,
0,
0,
0,
50,
0,
0,
0,
0,
0,
0,
0,
0,
7,
0,
0,
0,
164,
0,
0,
0,
0,
38,
19,
29,
78,
40,
148,
9,
211,
38,
34,
161,
0,
108,
255,
139,
51,
0,
117,
0,
255,
177,
255,
251,
255,
255,
255,
255,
36,
0,
0,
0,
0,
34,
0,
0,
0,
37,
0,
0,
255,
18,
0,
0,
211,
39,
0,
0,
21,
5,
0,
0,
0,
0,
0,
0,
0,
0,
0,
0,
0,
0,
0,
75,
255,
255,
255,
255,
0,
11,
24,
4,
0,
79,
51,
0,
0,
0,
0,
16,
21,
22,
0,
77,
0,
3,
0,
42,
35,
0,
62,
119,
131,
161,
26,
0,
0,
0,
0,
0,
103,
35,
0,
90,
0,
0,
0,
64,
108,
0,
0,
114,
67,
0,
0,
60,
71,
81,
6,
69,
0,
0,
33,
0,
0,
0,
177,
0,
0,
0,
0,
0,
9,
0,
0,
0,
0,
0,
0,
0,
0,
26,
21,
0,
0,
0,
0,
0,
80,
117,
130,
181,
180,
87,
150,
0,
0,
0,
26,
0,
0,
0,
0,
0,
0,
0,
0,
98,
0,
117,
71,
229,
0,
142,
255,
255,
178,
36,
177,
142,
255,
245,
172,
166,
255,
142,
163,
96,
0,
38,
223,
147,
0,
0,
0,
9,
0,
0,
1,
0,
161,
0,
0,
0,
255,
67,
41,
0,
0,
0,
0,
0,
0,
0,
0,
0,
0,
97,
64,
0,
71,
170,
0,
0,
226,
0,
0,
40,
64,
69,
95,
5,
255,
210,
160,
0,
0,
0,
181,
142,
0,
0,
0,
0,
103,
0,
0,
0,
0,
0,
0,
0,
49,
0,
0,
0,
166,
4,
4,
99,
136,
117,
51,
185,
73,
104,
99,
18,
0,
0,
0,
193,
