224,
255,
255,
255,
255,
213,
255,
239,
171,
149,
144,
81,
25,
0,
118,
139,
173,
0,
0,
79,
139,
85,
33,
56,
72,
0,
0,
43,
81,
130,
20,
63,
0,
62,
38,
0,
87,
173,
200,
110,
0,
98,
95,
83,
200,
195,
137,
75,
0,
47,
60,
0,
211,
219,
33,
17,
0,
158,
164,
14,
120,
121,
111,
86,
58,
0,
0,
0,
0,
0,
0,
0,
41,
0,
0,
0,
0,
25,
12,
0,
31,
81,
0,
0,
0,
0,
27,
10,
16,
42,
0,
129,
66,
0,
0,
0,
121,
0,
0,
0,
0,
0,
0,
71,
0,
0,
0,
21,
124,
143,
192,
121,
0,
0,
0,
90,
0,
153,
196,
169,
0,
44,
93,
156,
237,
188,
90,
0,
59,
44,
43,
44,
45,
33,
45,
159,
67,
47,
8,
32,
152,
0,
0,
79,
0,
0,
0,
57,
56,
156,
61,
37,
0,
0,
126,
0,
163,
94,
0,
41,
68,
25,
25,
100,
40,
99,
177,
155,
0,
14,
28,
0,
102,
84,
5,
0,
10,
0,
0,
0,
94,
163,
0,
0,
0,
0,
0,
0,
0,
0,
0,
88,
0,
0,
0,
0,
18,
80,
42,
30,
55,
105,
49,
70,
0,
96,
113,
54,
0,
224,
111,
0,
59,
0,
81,
162,
0,
61,
0,
0,
0,
0,
0,
63,
0,
0,
0,
0,
0,
0,
0,
21,
0,
35,
0,
142,
0,
0,
18,
34,
0,
0,
0,
143,
99,
0,
0,
1,
0,
0,
0,
0,
0,
0,
0,
16,
62,
2,
3,
0,
0,
16,
31,
44,
8,
62,
18,
56,
23,
42,
25,
52,
0,
3,
0,
67,
13,
13,
0,
102,
6,
0,
0,
0,
0,
5,
0,
0,
0,
0,
0,
0,
0,
0,
4,
64,
0,
0,
0,
0,
0,
0,
0,
49,
0,
0,
43,
0,
0,
255,
204,
89,
13,
0,
4,
0,
255,
248,
23,
0,
0,
0,
0,
0,
0,
0,
0,
0,
0,
0,
0,
0,
27,
0,
0,
0,
110,
0,
34,
0,
0,
0,
0,
0,
118,
0,
88,
0,
0,
0,
0,
0,
163,
22,
17,
17,
21,
0,
0,
0,
203,
96,
133,
255,
255,
175,
3,
0,
5,
0,
68,
255,
255,
138,
0,
0,
32,
0,
0,
0,
0,
15,
1,
25,
0,
0,
0,
0,
0,
0,
0,
0,
0,
0,
0,
0,
0,
0,
0,
0,
0,
0,
0,
0,
0,
0,
0,
0,
83,
0,
0,
0,
0,
0,
0,
0,
0,
0,
0,
0,
0,
0,
0,
0,
180,
92,
111,
60,
0,
0,
0,
0,
102,
84,
0,
173,
0,
0,
0,
0,
0,
5,
0,
144,
15,
3,
0,
0,
0,
0,
0,
0,
87,
44,
8,
0,
200,
116,
0,
68,
182,
183,
163,
37,
206,
154,
144,
255,
186,
208,
255,
12,
146,
238,
110,
73,
197,
227,
243,
155,
244,
255,
255,
255,
240,
198,
236,
154,
0,
0,
20,
144,
210,
148,
1,
0,
0,
0,
0,
0,
0,
50,
69,
0,
0,
12,
78,
255,
255,
233,
129,
53,
74,
0,
0,
0,
18,
63,
0,
0,
37,
9,
20,
52,
19,
0,
0,
0,
2,
1,
24,
0,
106,
108,
29,
0,
156,
173,
24,
143,
168,
0,
29,
0,
228,
0,
0,
0,
0,
0,
0,
0,
0,
0,
0,
0,
0,
255,
255,
42,
0,
0,
0,
74,
254,
255,
15,
0,
0,
0,
0,
0,
0,
0,
0,
0,
0,
0,
0,
0,
0,
0,
0,
0,
0,
0,
9,
0,
0,
0,
0,
0,
0,
0,
0,
0,
0,
0,
0,
0,
0,
0,
0,
0,
0,
0,
0,
0,
0,
0,
0,
0,
0,
0,
0,
0,
61,
43,
26,
0,
0,
0,
0,
25,
97,
4,
7,
37,
0,
0,
2,
0,
0,
18,
0,
124,
0,
0,
0,
0,
0,
0,
0,
0,
0,
0,
0,
0,
0,
0,
0,
0,
6,
0,
0,
0,
60,
0,
0,
0,
0,
0,
0,
0,
167,
0,
0,
0,
0,
0,
0,
0,
85,
0,
0,
0,
0,
0,
61,
89,
255,
154,
159,
104,
0,
13,
42,
0,
108,
123,
129,
0,
0,
196,
145,
0,
0,
21,
16,
240,
255,
255,
0,
0,
116,
28,
31,
26,
24,
0,
29,
33,
41,
26,
54,
20,
0,
0,
105,
24,
0,
170,
24,
0,
0,
30,
72,
191,
0,
20,
0,
42,
245,
0,
0,
109,
255,
92,
72,
22,
8,
7,
0,
115,
22,
0,
0,
0,
0,
0,
89,
80,
0,
0,
0,
0,
0,
0,
222,
90,
0,
0,
0,
0,
255,
255,
116,
3,
0,
10,
13,
14,
0,
5,
41,
13,
0,
24,
79,
100,
8,
0,
74,
18,
0,
72,
137,
79,
0,
0,
0,
36,
0,
12,
75,
0,
0,
0,
0,
12,
0,
0,
0,
0,
0,
0,
0,
44,
0,
0,
0,
0,
0,
0,
0,
102,
0,
0,
0,
0,
0,
0,
73,
88,
43,
0,
0,
0,
0,
44,
44,
26,
0,
0,
0,
5,
76,
0,
0,
57,
86,
15,
47,
0,
0,
0,
0,
37,
98,
11,
62,
0,
68,
0,
45,
0,
70,
0,
0,
0,
0,
0,
23,
60,
0,
0,
0,
0,
0,
0,
0,
20,
0,
0,
15,
0,
0,
42,
40,
0,
0,
0,
4,
9,
11,
0,
0,
0,
0,
0,
13,
87,
34,
0,
20,
73,
0,
0,
0,
0,
0,
0,
0,
0,
0,
0,
0,
77,
0,
66,
0,
0,
0,
0,
0,
130,
0,
0,
0,
0,
0,
0,
0,
0,
0,
0,
0,
0,
11,
0,
0,
0,
0,
0,
0,
0,
4,
0,
0,
0,
0,
0,
0,
0,
161,
0,
69,
0,
0,
0,
0,
0,
118,
0,
0,
0,
0,
0,
0,
0,
0,
0,
0,
0,
0,
0,
0,
0,
0,
0,
0,
0,
0,
0,
0,
0,
0,
0,
0,
0,
0,
0,
0,
0,
0,
0,
0,
0,
0,
0,
0,
0,
0,
0,
0,
0,
0,
0,
0,
35,
4,
0,
0,
0,
0,
1,
26,
76,
46,
17,
6,
0,
9,
144,
85,
19,
111,
17,
9,
0,
92,
136,
0,
0,
0,
0,
0,
0,
0,
47,
0,
0,
0,
0,
0,
0,
0,
0,
0,
0,
110,
32,
0,
0,
0,
0,
89,
0,
63,
0,
175,
59,
0,
0,
0,
0,
0,
0,
0,
0,
0,
0,
23,
0,
84,
61,
0,
0,
0,
0,
0,
0,
0,
0,
0,
0,
27,
75,
0,
0,
0,
0,
0,
0,
33,
0,
0,
0,
0,
0,
0,
0,
0,
0,
0,
0,
0,
0,
0,
0,
35,
7,
0,
0,
165,
0,
0,
0,
0,
105,
69,
0,
142,
0,
0,
232,
116,
178,
203,
44,
0,
170,
137,
76,
90,
134,
123,
74,
175,
178,
193,
75,
154,
30,
0,
0,
136,
206,
159,
34,
153,
108,
102,
0,
0,
52,
66,
0,
7,
0,
0,
0,
67,
17,
17,
16,
9,
0,
14,
0,
0,
0,
0,
0,
0,
0,
0,
0,
0,
0,
0,
0,
0,
0,
0,
0,
0,
0,
0,
0,
0,
0,
0,
0,
0,
0,
0,
0,
0,
0,
0,
0,
26,
0,
53,
153,
54,
3,
0,
0,
12,
75,
126,
91,
0,
0,
0,
0,
44,
166,
180,
90,
0,
0,
0,
0,
160,
153,
154,
151,
94,
0,
147,
190,
0,
0,
0,
0,
1,
0,
0,
18,
0,
0,
0,
0,
12,
23,
0,
0,
0,
0,
0,
0,
86,
76,
60,
105,
255,
199,
218,
94,
115,
98,
108,
115,
71,
63,
48,
1,
110,
115,
110,
18,
0,
51,
5,
44,
140,
167,
163,
1,
0,
0,
0,
205,
235,
189,
0,
0,
0,
0,
0,
0,
0,
73,
0,
0,
88,
45,
0,
0,
0,
117,
113,
19,
133,
219,
0,
10,
0,
0,
104,
194,
49,
147,
0,
6,
79,
0,
0,
145,
0,
4,
0,
0,
0,
0,
3,
131,
0,
0,
0,
0,
0,
10,
19,
117,
0,
0,
1,
243,
0,
0,
0,
0,
0,
0,
27,
255,
12,
0,
0,
47,
192,
138,
137,
138,
157,
122,
141,
196,
198,
161,
187,
177,
45,
0,
168,
180,
0,
61,
180,
37,
14,
0,
0,
149,
0,
0,
0,
0,
0,
0,
0,
22,
0,
0,
0,
0,
0,
0,
0,
24,
0,
0,
0,
0,
0,
0,
0,
60,
16,
0,
0,
0,
0,
0,
0,
138,
56,
0,
0,
0,
0,
114,
123,
153,
0,
0,
0,
0,
0,
0,
0,
70,
0,
30,
0,
0,
0,
0,
4,
33,
0,
0,
0,
0,
0,
23,
0,
0,
0,
0,
0,
24,
0,
0,
0,
0,
0,
0,
0,
0,
0,
0,
0,
0,
0,
86,
0,
0,
0,
0,
0,
0,
10,
42,
71,
0,
85,
0,
0,
0,
116,
118,
38,
0,
0,
0,
0,
0,
255,
125,
126,
125,
145,
183,
144,
179,
0,
44,
0,
26,
17,
55,
28,
49,
84,
50,
71,
0,
60,
43,
11,
84,
0,
0,
109,
252,
67,
0,
6,
0,
149,
27,
0,
11,
10,
52,
0,
0,
0,
0,
0,
0,
0,
0,
0,
0,
0,
0,
0,
0,
0,
0,
0,
0,
0,
0,
0,
0,
0,
0,
1,
9,
37,
27,
26,
12,
0,
66,
42,
50,
67,
32,
0,
8,
19,
2,
40,
50,
39,
63,
5,
74,
0,
0,
0,
47,
7,
0,
0,
0,
0,
0,
0,
0,
0,
86,
65,
16,
0,
0,
0,
0,
131,
163,
131,
122,
36,
0,
0,
0,
156,
196,
50,
121,
53,
0,
0,
0,
0,
0,
0,
17,
0,
0,
0,
0,
32,
19,
18,
19,
0,
0,
16,
26,
17,
13,
26,
19,
0,
0,
1,
7,
0,
0,
22,
0,
0,
13,
0,
0,
0,
0,
0,
0,
0,
0,
0,
0,
0,
0,
0,
0,
0,
19,
14,
20,
116,
124,
132,
118,
34,
24,
68,
13,
22,
63,
62,
86,
149,
118,
123,
0,
0,
0,
0,
0,
0,
0,
0,
0,
0,
0,
0,
0,
0,
0,
0,
0,
0,
0,
0,
0,
62,
124,
0,
0,
14,
0,
0,
0,
0,
0,
0,
0,
0,
0,
71,
0,
0,
58,
66,
0,
21,
148,
17,
0,
0,
0,
0,
0,
0,
0,
0,
129,
255,
254,
0,
0,
0,
0,
0,
0,
0,
0,
0,
0,
57,
0,
0,
60,
24,
15,
29,
0,
0,
0,
0,
0,
0,
0,
0,
6,
0,
3,
0,
0,
71,
74,
21,
16,
229,
77,
88,
118,
101,
45,
87,
25,
0,
18,
0,
35,
0,
51,
0,
20,
0,
0,
0,
0,
0,
0,
15,
57,
0,
169,
71,
255,
218,
255,
123,
40,
0,
63,
63,
0,
0,
0,
0,
0,
0,
94,
112,
0,
0,
0,
0,
0,
241,
0,
0,
0,
16,
6,
0,
1,
255,
8,
25,
28,
6,
22,
0,
20,
255,
0,
57,
13,
0,
0,
91,
0,
255,
0,
0,
36,
0,
0,
33,
39,
255,
0,
61,
0,
0,
0,
0,
0,
177,
0,
60,
0,
0,
0,
0,
70,
0,
0,
0,
0,
7,
160,
230,
206,
0,
13,
5,
0,
168,
222,
240,
192,
85,
64,
64,
66,
89,
2,
59,
103,
6,
10,
47,
7,
0,
0,
7,
17,
0,
0,
52,
0,
0,
0,
0,
0,
0,
0,
0,
0,
0,
0,
0,
0,
0,
0,
0,
0,
0,
0,
0,
0,
98,
20,
9,
0,
0,
0,
0,
0,
146,
0,
234,
61,
0,
0,
0,
0,
0,
0,
159,
142,
0,
0,
10,
0,
134,
0,
0,
0,
0,
0,
2,
0,
95,
33,
0,
0,
0,
0,
72,
0,
64,
88,
0,
160,
0,
9,
0,
4,
72,
0,
0,
40,
0,
85,
0,
0,
127,
72,
0,
13,
0,
22,
24,
0,
72,
50,
0,
47,
33,
18,
0,
0,
105,
96,
0,
126,
35,
0,
0,
0,
110,
2,
0,
47,
52,
62,
0,
0,
24,
44,
44,
43,
67,
0,
35,
122,
0,
0,
21,
53,
49,
0,
0,
61,
18,
0,
19,
41,
53,
38,
0,
0,
0,
0,
111,
0,
0,
42,
48,
0,
0,
38,
120,
138,
0,
81,
6,
0,
0,
54,
0,
0,
0,
0,
0,
0,
0,
16,
0,
21,
0,
0,
0,
0,
56,
0,
0,
0,
0,
0,
0,
0,
