-18,
49,
34,
-29,
-128,
116,
59,
-95,
20,
-41,
31,
64,
-30,
-128,
105,
86,
-99,
-10,
-34,
51,
47,
-23,
-128,
96,
75,
-72,
-2,
-18,
-36,
-6,
-1,
-51,
-38,
48,
26,
30,
-6,
-25,
2,
4,
-42,
-30,
42,
22,
25,
-4,
-25,
-2,
15,
-30,
-23,
44,
28,
27,
48,
81,
62,
52,
92,
85,
1,
35,
39,
-46,
-50,
-50,
-44,
-50,
-46,
-25,
-31,
-35,
-3,
-27,
-13,
-8,
-45,
-37,
26,
-2,
-8,
-17,
0,
-9,
32,
68,
39,
36,
77,
45,
-19,
-26,
-17,
-61,
-88,
-69,
-54,
-79,
-60,
41,
42,
44,
16,
-3,
8,
9,
-10,
5,
-39,
-40,
-27,
-45,
-42,
-46,
-44,
-44,
-45,
64,
93,
56,
98,
127,
87,
67,
107,
62,
-30,
-53,
-32,
-58,
-78,
-56,
-31,
-58,
-29,
22,
-6,
28,
41,
7,
29,
10,
-25,
8,
28,
10,
35,
32,
4,
15,
19,
-10,
11,
-30,
-56,
-24,
-41,
-73,
-52,
-24,
-60,
-28,
-26,
-6,
-19,
-54,
-128,
-84,
108,
127,
68,
-10,
28,
22,
-52,
-122,
-58,
70,
94,
48,
-2,
40,
26,
-49,
-113,
-49,
50,
55,
20,
0,
0,
0,
0,
0,
0,
0,
0,
0,
0,
0,
0,
0,
0,
0,
0,
0,
0,
0,
0,
0,
0,
0,
0,
0,
0,
0,
29,
-121,
109,
115,
4,
-101,
-119,
101,
5,
-4,
-128,
94,
121,
1,
-110,
-96,
102,
-8,
-7,
-128,
85,
122,
7,
-103,
-79,
106,
-2,
-11,
71,
-41,
-11,
105,
-128,
9,
76,
-81,
22,
66,
-85,
26,
98,
-128,
37,
66,
-113,
2,
75,
-75,
10,
110,
-128,
32,
79,
-112,
-14,
7,
41,
-23,
-67,
-10,
38,
4,
-33,
-40,
-22,
-1,
-26,
-63,
-24,
35,
12,
-38,
-1,
20,
36,
-13,
-32,
16,
8,
-1,
-30,
-35,
-44,
35,
-15,
107,
19,
45,
-10,
-61,
-20,
-44,
25,
-28,
93,
14,
13,
-34,
-57,
-30,
-53,
19,
-27,
96,
30,
19,
-19,
-38,
-33,
-34,
-30,
-44,
-44,
-43,
-34,
-37,
-32,
-29,
-31,
-27,
-39,
-39,
-37,
-31,
-34,
-27,
-23,
-24,
-23,
-29,
-28,
-27,
-22,
-24,
-18,
28,
43,
34,
27,
47,
31,
0,
20,
10,
-2,
-3,
4,
-7,
-11,
-11,
-5,
-7,
-8,
-20,
-29,
-10,
-34,
-51,
-35,
-24,
-37,
-25,
0,
0,
0,
0,
0,
0,
0,
0,
0,
0,
0,
0,
0,
0,
0,
0,
0,
0,
0,
0,
0,
0,
0,
0,
0,
0,
0,
0,
0,
0,
0,
0,
0,
0,
0,
0,
0,
0,
0,
0,
0,
0,
0,
0,
0,
0,
0,
0,
0,
0,
0,
0,
0,
0,
0,
0,
0,
0,
0,
0,
0,
0,
0,
0,
0,
0,
0,
0,
0,
0,
0,
0,
0,
0,
0,
0,
0,
0,
0,
0,
0,
-40,
20,
9,
-43,
-7,
17,
-43,
-28,
13,
-31,
29,
16,
-33,
8,
34,
-39,
-19,
27,
-18,
33,
14,
-15,
19,
38,
-29,
-12,
31,
18,
5,
-44,
13,
4,
-47,
16,
16,
-52,
25,
13,
-41,
20,
14,
-40,
22,
24,
-44,
24,
11,
-26,
14,
7,
-26,
13,
13,
-36,
0,
0,
0,
0,
0,
0,
0,
0,
0,
0,
0,
0,
0,
0,
0,
0,
0,
0,
0,
0,
0,
0,
0,
0,
0,
0,
0,
71,
127,
64,
-71,
-113,
-57,
-5,
4,
-15,
68,
120,
60,
-79,
-128,
-65,
-3,
3,
-10,
68,
101,
43,
-61,
-107,
-55,
1,
15,
-3,
19,
-13,
-24,
-42,
-50,
13,
-26,
46,
60,
13,
-17,
-31,
-35,
-46,
7,
-26,
35,
40,
30,
-12,
-30,
-29,
-53,
0,
-31,
15,
26,
94,
-90,
10,
-58,
-128,
102,
-15,
78,
22,
92,
-107,
-9,
-63,
-128,
100,
-28,
76,
41,
94,
-92,
-14,
-46,
-128,
104,
-32,
75,
39,
0,
0,
0,
0,
0,
0,
0,
0,
0,
0,
0,
0,
0,
0,
0,
0,
0,
0,
0,
0,
0,
0,
0,
0,
0,
0,
0,
-38,
-35,
-42,
-55,
-67,
-66,
-25,
-64,
-47,
9,
20,
11,
29,
32,
29,
1,
-21,
-4,
2,
21,
12,
63,
74,
72,
29,
20,
38,
-45,
94,
-16,
125,
-61,
-68,
-3,
-81,
63,
-42,
81,
-33,
99,
-77,
-63,
-38,
-77,
92,
-64,
90,
-18,
93,
-43,
-50,
-20,
-52,
84,
-53,
56,
1,
-108,
104,
-11,
-77,
73,
3,
-80,
47,
18,
-113,
103,
6,
-76,
73,
14,
-48,
54,
0,
-81,
110,
-19,
-67,
66,
-15,
71,
-77,
23,
74,
-101,
20,
53,
-72,
5,
49,
-97,
26,
66,
-99,
48,
42,
-73,
27,
31,
-71,
28,
44,
-76,
52,
29,
-57,
31,
33,
-4,
11,
-7,
-20,
3,
10,
6,
17,
-1,
-25,
2,
-19,
-13,
19,
8,
18,
28,
-17,
-26,
12,
-3,
19,
56,
28,
43,
54,
0,
0,
0,
0,
0,
0,
0,
0,
0,
0,
0,
0,
0,
0,
0,
0,
0,
0,
0,
0,
0,
0,
0,
0,
0,
0,
0,
42,
27,
42,
-40,
-64,
-41,
-15,
-27,
-3,
56,
41,
52,
-28,
-48,
-31,
-11,
-20,
0,
34,
22,
34,
-31,
-45,
-30,
-5,
-8,
7,
0,
0,
0,
0,
0,
0,
0,
0,
0,
0,
0,
0,
0,
0,
0,
0,
0,
0,
0,
0,
0,
0,
0,
0,
0,
0,
0,
