-9,
16,
-8,
17,
3,
1,
44,
42,
18,
11,
-9,
-16,
30,
-4,
44,
10,
-20,
14,
-2,
32,
4,
-3,
46,
40,
19,
10,
-4,
-13,
43,
-6,
44,
-5,
-17,
16,
-10,
24,
4,
1,
38,
35,
16,
15,
-12,
-13,
38,
0,
36,
-1,
-9,
-15,
3,
-3,
7,
-6,
10,
-4,
8,
17,
6,
16,
24,
26,
13,
15,
-3,
-7,
5,
1,
10,
-1,
10,
-1,
8,
16,
6,
14,
21,
22,
11,
12,
-2,
-8,
5,
-1,
14,
4,
10,
0,
6,
13,
5,
12,
22,
25,
11,
14,
24,
48,
7,
31,
25,
62,
10,
46,
-1,
5,
-1,
4,
0,
19,
1,
20,
-23,
-36,
-12,
-25,
-29,
-47,
-14,
-33,
-7,
-12,
-4,
-10,
-12,
-23,
-7,
-18,
-2,
-11,
3,
-6,
4,
-15,
4,
-14,
8,
8,
4,
4,
13,
4,
5,
-4,
-8,
-6,
-6,
-4,
13,
34,
-2,
19,
-3,
-1,
-3,
-1,
18,
40,
1,
22,
-10,
-16,
-2,
-8,
-34,
-59,
-11,
-36,
-3,
-5,
-0,
-2,
-27,
-48,
-9,
-30,
20,
32,
11,
22,
16,
19,
12,
14,
8,
14,
5,
10,
4,
1,
6,
2,
-20,
-26,
-6,
-14,
-32,
-46,
-15,
-30,
-10,
-13,
-3,
-6,
-22,
-33,
-11,
-22,
32,
53,
7,
28,
57,
95,
13,
51,
8,
17,
-1,
8,
34,
59,
6,
31,
-15,
-29,
-2,
-16,
-30,
-53,
-6,
-29,
-1,
-5,
3,
-1,
-16,
-30,
-0,
-14,
11,
11,
14,
14,
18,
14,
20,
16,
-2,
-5,
4,
2,
5,
-2,
11,
4,
14,
18,
13,
18,
20,
18,
17,
15,
4,
5,
6,
8,
10,
5,
10,
6,
-15,
-28,
0,
-12,
-24,
-48,
-1,
-26,
-3,
-7,
4,
0,
-12,
-28,
2,
-14,
-13,
-13,
-10,
-10,
7,
-2,
0,
-9,
34,
65,
2,
33,
54,
76,
12,
34,
-5,
10,
-4,
11,
2,
2,
2,
3,
28,
60,
-0,
32,
35,
53,
6,
24,
-1,
16,
-4,
13,
-0,
-3,
2,
-1,
24,
50,
-2,
24,
25,
31,
4,
10,
0,
0,
0,
0,
0,
0,
0,
0,
0,
0,
0,
0,
0,
0,
0,
0,
0,
0,
0,
0,
0,
0,
0,
0,
0,
0,
0,
0,
0,
0,
0,
0,
0,
0,
0,
0,
0,
0,
0,
0,
0,
0,
0,
0,
0,
0,
0,
0,
14,
4,
65,
54,
6,
3,
7,
3,
-51,
-2,
4,
54,
-60,
-3,
-54,
2,
-2,
-10,
54,
47,
5,
-4,
3,
-6,
-55,
-6,
0,
49,
-48,
-0,
-52,
-4,
-4,
-12,
52,
42,
9,
0,
4,
-5,
-52,
-6,
1,
46,
-40,
6,
-47,
-1,
-6,
5,
-31,
-20,
-3,
-1,
-64,
-62,
2,
7,
-3,
2,
4,
1,
-37,
-40,
11,
1,
-32,
-42,
21,
-1,
-59,
-82,
8,
-0,
-9,
-18,
18,
-2,
-36,
-56,
1,
0,
-37,
-38,
11,
-1,
-67,
-79,
6,
1,
-10,
-15,
16,
-0,
-40,
-56,
-7,
8,
5,
20,
0,
-7,
7,
-0,
12,
18,
-2,
4,
19,
2,
0,
-16,
-20,
-16,
-5,
-0,
-8,
-21,
-3,
-16,
5,
7,
-6,
-4,
18,
2,
-4,
-19,
-0,
14,
4,
18,
-2,
0,
4,
6,
5,
8,
-5,
-2,
4,
-6,
-5,
-15,
-18,
-11,
11,
18,
-1,
5,
-8,
-2,
6,
-23,
18,
-11,
22,
-6,
-2,
-30,
-10,
-10,
12,
12,
-9,
-5,
-8,
-4,
5,
-24,
18,
-12,
6,
-20,
-2,
-28,
-15,
-16,
10,
10,
-10,
-0,
-6,
3,
4,
-25,
17,
-12,
10,
-10,
0,
-19,
-16,
-24,
-7,
-15,
-28,
-41,
-13,
-26,
-6,
-9,
-2,
-5,
-17,
-26,
-7,
-16,
-14,
-22,
-6,
-14,
-25,
-37,
-11,
-23,
-5,
-8,
-2,
-4,
-16,
-23,
-6,
-14,
-12,
-18,
-6,
-12,
-18,
-27,
-8,
-17,
-4,
-6,
-1,
-4,
-11,
-16,
-4,
-9,
14,
26,
5,
17,
14,
30,
2,
19,
0,
4,
-0,
3,
0,
8,
-2,
5,
-1,
-0,
1,
2,
-4,
-6,
-1,
-4,
0,
1,
1,
2,
-2,
-5,
-2,
-4,
-10,
-15,
-0,
-5,
-20,
-33,
-4,
-18,
-2,
-3,
1,
0,
-12,
-22,
-3,
-12,
0,
0,
0,
0,
0,
0,
0,
0,
0,
0,
0,
0,
0,
0,
0,
0,
0,
0,
0,
0,
0,
0,
0,
0,
0,
0,
0,
0,
0,
0,
0,
0,
0,
0,
0,
0,
0,
0,
0,
0,
0,
0,
0,
0,
0,
0,
0,
0,
0,
0,
0,
0,
0,
0,
0,
0,
0,
0,
0,
0,
0,
0,
0,
0,
0,
0,
0,
0,
0,
0,
0,
0,
0,
0,
0,
0,
0,
0,
0,
0,
0,
0,
0,
0,
0,
0,
0,
0,
0,
0,
0,
0,
0,
0,
0,
0,
0,
0,
0,
0,
0,
0,
0,
0,
0,
0,
0,
0,
0,
0,
0,
0,
0,
0,
0,
0,
0,
0,
0,
0,
0,
0,
0,
0,
0,
0,
0,
0,
0,
0,
0,
0,
0,
0,
0,
0,
0,
0,
0,
0,
0,
0,
0,
0,
-20,
-3,
-13,
4,
-32,
-13,
-9,
10,
-10,
-4,
-4,
1,
-22,
-14,
-0,
6,
-16,
4,
-11,
8,
-26,
-1,
-6,
19,
-9,
-3,
-4,
2,
-20,
-8,
2,
14,
-9,
7,
-9,
7,
-16,
8,
-2,
21,
-8,
-3,
-3,
2,
-14,
-2,
4,
16,
9,
-5,
-8,
-22,
12,
-9,
-15,
-36,
5,
-1,
-6,
-12,
8,
-5,
-13,
-26,
12,
-1,
-7,
-20,
17,
-1,
-14,
-31,
7,
1,
-5,
-11,
11,
0,
-12,
-22,
12,
2,
-3,
-13,
13,
-1,
-8,
-22,
6,
0,
-4,
-9,
6,
-2,
-9,
-18,
0,
0,
0,
0,
0,
0,
0,
0,
0,
0,
0,
0,
0,
0,
0,
0,
0,
0,
0,
0,
0,
0,
0,
0,
0,
0,
0,
0,
0,
0,
0,
0,
0,
0,
0,
0,
0,
0,
0,
0,
0,
0,
0,
0,
0,
0,
0,
0,
36,
66,
2,
32,
-1,
1,
-4,
-2,
34,
61,
-0,
26,
-2,
-4,
-6,
-8,
34,
62,
2,
30,
-4,
-4,
-3,
-4,
36,
64,
1,
29,
-2,
-2,
-4,
-5,
34,
53,
2,
22,
2,
0,
-2,
-4,
32,
56,
0,
24,
0,
3,
-4,
-2,
10,
-4,
2,
-12,
-12,
-2,
2,
12,
9,
18,
-3,
6,
-13,
20,
-3,
30,
6,
-9,
-0,
-16,
-12,
-8,
-0,
4,
6,
11,
-5,
0,
-13,
12,
-5,
20,
15,
-3,
3,
-15,
-8,
-10,
2,
-1,
7,
10,
-4,
-1,
-16,
2,
-5,
13,
47,
4,
48,
5,
5,
2,
37,
34,
34,
23,
-6,
-18,
-8,
21,
-18,
11,
46,
-6,
48,
-4,
0,
-3,
36,
33,
32,
20,
-5,
-17,
-14,
22,
-16,
20,
47,
-3,
43,
-7,
4,
0,
36,
32,
27,
18,
-10,
-20,
-16,
20,
-17,
20,
0,
0,
0,
0,
0,
0,
0,
0,
0,
0,
0,
0,
0,
0,
0,
0,
0,
0,
0,
0,
0,
0,
0,
0,
0,
0,
0,
0,
0,
0,
0,
0,
0,
0,
0,
0,
0,
0,
0,
0,
0,
0,
0,
0,
0,
0,
0,
0,
-19,
-29,
-11,
-21,
-30,
-55,
-13,
-39,
-2,
-8,
0,
-6,
-12,
-34,
-2,
-24,
4,
10,
0,
6,
10,
13,
6,
9,
-5,
-9,
-1,
-6,
0,
-6,
4,
-2,
1,
9,
-2,
6,
24,
41,
13,
30,
-8,
-11,
-3,
-6,
14,
22,
12,
19,
-22,
8,
-39,
-8,
19,
1,
13,
-5,
-43,
2,
-16,
29,
-2,
-5,
35,
32,
-21,
2,
-39,
-16,
5,
-7,
11,
-1,
-45,
3,
-17,
30,
-19,
-6,
33,
46,
-32,
2,
-43,
-9,
2,
2,
4,
4,
-44,
2,
-18,
29,
-10,
3,
29,
42,
-26,
1,
-27,
0,
-60,
-2,
-60,
-2,
-6,
2,
-4,
4,
-38,
-0,
-37,
2,
-40,
-4,
-27,
9,
-67,
-1,
-57,
10,
-11,
0,
-4,
6,
-38,
3,
-34,
7,
-24,
2,
-26,
0,
-49,
0,
-58,
-8,
-8,
-2,
-5,
1,
-34,
-4,
-37,
-8,
36,
4,
43,
12,
50,
-0,
62,
12,
12,
1,
13,
2,
26,
-4,
32,
2,
24,
-6,
43,
13,
39,
-1,
66,
25,
6,
-5,
13,
1,
21,
-1,
36,
14,
16,
-3,
32,
14,
26,
1,
52,
28,
4,
-4,
9,
2,
14,
1,
29,
16,
16,
10,
12,
6,
9,
6,
11,
8,
12,
12,
7,
6,
5,
8,
5,
8,
-0,
-6,
6,
1,
-3,
2,
7,
12,
6,
5,
4,
3,
4,
14,
4,
14,
-8,
-8,
5,
6,
2,
21,
12,
30,
4,
3,
3,
2,
14,
31,
10,
27,
0,
0,
0,
0,
0,
0,
0,
0,
0,
0,
0,
0,
0,
0,
0,
0,
0,
0,
0,
0,
0,
0,
0,
0,
0,
0,
0,
0,
0,
0,
0,
0,
0,
0,
0,
0,
0,
0,
0,
0,
0,
0,
0,
0,
0,
0,
0,
0,
21,
28,
14,
21,
-3,
-10,
6,
-0,
17,
26,
10,
20,
-8,
-11,
2,
-2,
28,
37,
17,
26,
4,
1,
8,
5,
18,
28,
11,
21,
-6,
-8,
2,
0,
17,
22,
12,
17,
-0,
-3,
5,
3,
15,
24,
9,
18,
-2,
-2,
2,
4,
0,
0,
0,
0,
0,
0,
0,
0,
0,
0,
0,
0,
0,
0,
0,
0,
0,
0,
0,
0,
0,
0,
0,
0,
0,
0,
0,
0,
0,
0,
0,
0,
0,
0,
0,
0,
0,
0,
0,
0,
0,
0,
0,
0,
0,
0,
0,
0,
