355,
1242,
624,
2319,
-838,
2230,
1194,
788,
1116,
1503,
24,
83,
-272,
1696,
-1223,
921,
1083,
-39,
422,
33,
107,
886,
726,
1112,
95,
958,
577,
839,
1387,
-467,
939,
376,
2048,
1430,
1661,
537,
768,
527,
547,
494,
911,
333,
81,
369,
638,
-161,
1139,
-0,
484,
1659,
-189,
417,
613,
1155,
606,
1046,
516,
1402,
-162,
276,
-0,
-0,
523,
693,
811,
881,
1218,
584,
914,
1015,
380,
-0,
1127,
1572,
783,
849,
-0,
1603,
759,
908,
392,
1124,
2390,
1166,
-397,
637,
1887,
897,
471,
863,
381,
549,
66,
896,
116,
761,
591,
-214,
724,
-0,
296,
675,
1454,
477,
1387,
1602,
822,
-388,
-0,
1375,
466,
874,
-0,
624,
-140,
2066,
715,
-292,
1489,
1044,
-0,
873,
1914,
-257,
2156,
705,
46,
1911,
365,
1226,
922,
1222,
164,
1424,
1174,
632,
488,
7,
0,
800,
929,
1711,
607,
-0,
1225,
1272,
1466,
1588,
-340,
849,
102,
-146,
682,
-0,
747,
1067,
1138,
3603,
1297,
382,
1566,
703,
1556,
1788,
963,
208,
-462,
245,
1764,
1670,
922,
1109,
1390,
891,
1141,
-0,
1134,
898,
-462,
1407,
498,
-137,
1604,
898,
1405,
1479,
1027,
1450,
-636,
574,
1166,
539,
856,
1439,
1418,
587,
-0,
72,
1882,
662,
272,
1713,
720,
1341,
807,
646,
1677,
1113,
1654,
3230,
443,
59,
591,
1348,
1278,
324,
1862,
948,
855,
1766,
1182,
89,
-317,
736,
1086,
1597,
1409,
-385,
1344,
837,
483,
362,
450,
916,
-160,
734,
-132,
1537,
-0,
-217,
1681,
908,
888,
582,
-229,
230,
982,
690,
410,
-796,
969,
1427,
348,
962,
1493,
1538,
670,
2236,
531,
720,
1773,
580,
1627,
434,
1789,
1145,
575,
1387,
1366,
1439,
345,
1614,
381,
960,
851,
-1239,
1350,
108,
592,
303,
1086,
-282,
-0,
1524,
1186,
935,
1419,
-0,
935,
-361,
736,
1106,
-19,
907,
477,
383,
-601,
562,
104,
1603,
-134,
-0,
727,
-0,
2230,
1539,
1553,
1315,
639,
1060,
1135,
-0,
-440,
1852,
2366,
594,
850,
1005,
908,
246,
984,
354,
371,
1048,
649,
859,
185,
916,
826,
470,
-144,
677,
1321,
493,
65,
720,
1157,
553,
-129,
-269,
1432,
0,
639,
1177,
345,
191,
686,
67,
832,
376,
616,
1155,
1061,
335,
-450,
1127,
1020,
1314,
12,
1949,
49,
928,
816,
1645,
2214,
1968,
954,
-74,
708,
1689,
1469,
1326,
1282,
967,
1198,
864,
390,
907,
-504,
848,
-0,
286,
2495,
403,
827,
62,
308,
366,
373,
-131,
409,
-0,
1063,
613,
-81,
953,
309,
930,
1142,
876,
287,
1379,
227,
1038,
1006,
744,
1258,
-0,
1200,
1483,
895,
881,
1302,
1644,
-1106,
1172,
195,
1546,
1391,
-283,
890,
795,
1224,
2050,
0,
924,
961,
434,
1327,
-134,
1443,
-85,
972,
400,
1017,
790,
69,
1717,
744,
-81,
425,
68,
1339,
1147,
1503,
0,
364,
-237,
331,
957,
0,
-61,
235,
1116,
-528,
8,
1348,
1179,
1113,
1320,
-90,
894,
-228,
973,
0,
89,
1689,
-743,
1416,
634,
917,
-0,
1284,
-0,
-678,
1631,
1620,
2236,
32,
859,
927,
2079,
-128,
1034,
1016,
544,
2200,
1119,
489,
1104,
1241,
1762,
858,
168,
-233,
-90,
871,
1148,
1391,
1138,
-0,
715,
1042,
1811,
927,
2211,
884,
1621,
629,
-0,
547,
637,
