1553,
1970,
1372,
1557,
3803,
1531,
2927,
3587,
1728,
2356,
1749,
1956,
1719,
405,
2340,
807,
1364,
2581,
1127,
2649,
3573,
2072,
2314,
2272,
1577,
1514,
2016,
1921,
3505,
866,
1418,
2126,
1182,
1674,
1316,
1621,
3805,
1738,
1134,
2751,
796,
1453,
4117,
494,
998,
1377,
1653,
1684,
1424,
1263,
2431,
1983,
1511,
1541,
1208,
389,
1488,
697,
1976,
2934,
2199,
2223,
-5,
910,
2180,
2021,
1743,
2181,
2524,
1459,
2252,
1391,
1124,
2090,
804,
512,
1838,
2034,
1140,
1376,
2893,
2084,
461,
3212,
1945,
1529,
2211,
1403,
547,
2275,
869,
1311,
702,
1297,
2280,
1757,
1942,
1243,
1467,
654,
921,
2458,
2236,
1895,
2622,
728,
976,
2650,
1047,
2024,
423,
1693,
1427,
1911,
1325,
2605,
1177,
2595,
2015,
1949,
887,
3211,
592,
1268,
1241,
858,
1400,
1038,
1588,
977,
2255,
406,
2939,
1692,
2127,
1894,
1909,
2283,
3305,
2195,
3153,
2525,
797,
2090,
179,
1920,
1895,
3201,
1315,
3287,
951,
1776,
2131,
1380,
1180,
2648,
1453,
1971,
2076,
1208,
1384,
1247,
1261,
743,
1681,
925,
2335,
1055,
1908,
1567,
1411,
1201,
3188,
881,
1519,
995,
2381,
1588,
4296,
2142,
409,
2639,
1219,
2229,
3091,
1455,
1644,
1505,
703,
2265,
374,
1412,
1262,
1005,
2335,
-44,
154,
1019,
2982,
2435,
1659,
3204,
2353,
3214,
2192,
2347,
2193,
1805,
3184,
443,
1346,
1773,
996,
3332,
2247,
811,
905,
3473,
1695,
1348,
1937,
1381,
942,
1148,
1505,
2240,
2326,
869,
2228,
1664,
2730,
12,
1583,
2162,
1787,
1210,
2001,
1299,
3089,
537,
1755,
1334,
2674,
2803,
1469,
3117,
1363,
1953,
2045,
1645,
2004,
551,
1760,
2405,
1520,
1472,
1339,
1281,
731,
1714,
2981,
2162,
1687,
1277,
999,
1943,
2917,
1881,
1988,
2438,
1597,
823,
1488,
2876,
685,
1121,
1980,
893,
1753,
-0,
2342,
1688,
585,
2034,
-0,
153,
2372,
1956,
1046,
2729,
2648,
187,
3359,
1485,
883,
2213,
1167,
2093,
2734,
1254,
2197,
1936,
2011,
1705,
1507,
1279,
2505,
707,
2422,
2274,
1546,
1934,
1603,
1882,
615,
1659,
1345,
2728,
627,
1505,
1572,
2094,
3055,
1449,
756,
1696,
1377,
1860,
2760,
1753,
1107,
776,
2148,
1428,
1044,
3264,
2655,
1130,
1305,
1064,
2206,
1365,
3256,
2143,
603,
3,
495,
2326,
1853,
1338,
1846,
971,
3455,
1372,
2140,
3792,
0,
1584,
2188,
2129,
1035,
2233,
1628,
1823,
1874,
2031,
1932,
1797,
1186,
-32,
1079,
2369,
2039,
3216,
2395,
2101,
-243,
1698,
1627,
2978,
1539,
92,
883,
2467,
918,
1650,
428,
1397,
2384,
1428,
1310,
1604,
2553,
2789,
1795,
1356,
2433,
-136,
1868,
3116,
1517,
1612,
2449,
1633,
1700,
1973,
2915,
2185,
1064,
1636,
2376,
931,
1591,
645,
3351,
1587,
2141,
1961,
2417,
2797,
906,
1837,
1783,
630,
1288,
1926,
2380,
3072,
-0,
1209,
2178,
1005,
896,
1956,
671,
779,
2291,
1823,
1901,
831,
1655,
996,
1160,
2593,
1231,
1437,
1372,
897,
1302,
-98,
2082,
2205,
2521,
1324,
1375,
3061,
2530,
732,
1999,
2578,
1179,
2446,
830,
2832,
227,
3591,
-5,
201,
2635,
1883,
1211,
2421,
1176,
2386,
1289,
872,
1719,
3181,
2761,
1440,
2344,
1202,
1744,
871,
2469,
1868,
2172,
1844,
1499,
882,
1080,
1798,
1350,
377,
755,
617,
1792,
3192,
2424,
2661,
1114,
1684,
2486,
915,
1135,
230,
1102,
2365,
1341,
2586,
1435,
2034,
