75,
99,
135,
140,
161,
30,
96,
255,
15,
85,
72,
80,
113,
0,
0,
237,
12,
0,
0,
34,
60,
23,
0,
52,
0,
0,
0,
0,
0,
56,
0,
19,
55,
9,
34,
0,
0,
106,
149,
170,
0,
9,
39,
0,
10,
46,
0,
59,
0,
27,
40,
0,
0,
51,
0,
0,
0,
0,
63,
0,
0,
0,
68,
75,
0,
0,
0,
0,
0,
0,
0,
0,
0,
0,
0,
0,
0,
0,
0,
0,
0,
0,
0,
0,
0,
0,
0,
10,
0,
0,
0,
0,
0,
0,
0,
54,
0,
0,
0,
0,
0,
0,
0,
0,
0,
0,
0,
0,
0,
34,
2,
0,
0,
0,
23,
2,
0,
29,
0,
0,
0,
0,
0,
0,
0,
0,
0,
0,
9,
0,
0,
0,
0,
0,
0,
0,
105,
73,
0,
0,
0,
0,
6,
0,
0,
65,
77,
21,
0,
0,
0,
56,
0,
0,
0,
0,
0,
0,
0,
0,
0,
118,
0,
0,
11,
0,
0,
0,
7,
114,
0,
0,
32,
0,
0,
0,
0,
39,
0,
0,
0,
0,
0,
63,
0,
17,
0,
0,
0,
123,
219,
115,
0,
20,
0,
25,
0,
31,
0,
0,
0,
0,
0,
0,
0,
0,
0,
0,
0,
0,
3,
0,
0,
0,
0,
0,
0,
0,
0,
0,
0,
0,
0,
0,
0,
0,
0,
0,
0,
0,
0,
0,
131,
110,
0,
55,
0,
0,
0,
0,
238,
150,
0,
170,
0,
0,
0,
5,
52,
33,
0,
0,
0,
0,
0,
0,
41,
108,
104,
48,
18,
0,
0,
68,
0,
11,
12,
0,
0,
0,
0,
73,
0,
0,
0,
0,
1,
0,
0,
0,
0,
0,
0,
0,
0,
0,
0,
31,
0,
0,
0,
0,
0,
0,
114,
155,
0,
0,
0,
0,
0,
245,
255,
171,
0,
0,
0,
0,
156,
255,
255,
166,
0,
0,
0,
22,
255,
255,
207,
119,
0,
0,
0,
0,
0,
0,
0,
0,
0,
0,
0,
0,
0,
59,
6,
0,
0,
0,
0,
0,
0,
0,
9,
0,
0,
0,
0,
0,
0,
0,
0,
0,
0,
0,
0,
0,
0,
0,
0,
0,
0,
0,
0,
0,
0,
0,
0,
0,
0,
0,
0,
0,
0,
0,
0,
0,
40,
0,
0,
0,
0,
0,
0,
0,
42,
22,
69,
31,
0,
0,
4,
12,
14,
21,
89,
0,
0,
0,
0,
59,
0,
0,
0,
0,
0,
0,
0,
0,
0,
0,
0,
0,
0,
0,
0,
0,
0,
0,
0,
0,
0,
0,
0,
0,
0,
0,
0,
0,
0,
0,
0,
0,
69,
44,
90,
0,
0,
0,
0,
28,
63,
11,
1,
0,
0,
0,
0,
50,
0,
0,
0,
0,
0,
0,
0,
0,
0,
0,
0,
0,
0,
54,
0,
0,
67,
21,
0,
0,
0,
71,
118,
0,
48,
39,
0,
0,
0,
0,
110,
64,
0,
0,
0,
0,
0,
0,
0,
45,
0,
0,
0,
0,
30,
105,
2,
0,
52,
0,
142,
135,
0,
0,
0,
0,
41,
0,
29,
115,
0,
0,
0,
0,
0,
0,
0,
0,
0,
0,
0,
0,
59,
0,
0,
0,
68,
68,
0,
0,
172,
0,
0,
0,
0,
101,
141,
0,
73,
0,
0,
0,
0,
53,
185,
0,
0,
40,
0,
0,
20,
70,
117,
89,
16,
48,
147,
103,
0,
73,
166,
77,
0,
0,
33,
0,
0,
36,
213,
26,
0,
0,
13,
0,
0,
28,
184,
0,
15,
61,
2,
16,
7,
38,
39,
17,
0,
89,
70,
11,
0,
0,
0,
48,
63,
62,
0,
0,
0,
0,
36,
55,
0,
0,
0,
0,
0,
0,
0,
0,
50,
5,
0,
0,
0,
0,
0,
0,
97,
7,
35,
54,
0,
0,
0,
9,
0,
0,
0,
111,
185,
204,
153,
54,
0,
0,
0,
0,
0,
23,
0,
0,
0,
0,
0,
0,
0,
0,
0,
0,
0,
0,
0,
0,
0,
42,
0,
0,
0,
0,
0,
0,
0,
21,
0,
0,
0,
0,
0,
26,
0,
0,
0,
0,
0,
0,
0,
0,
0,
0,
0,
0,
0,
0,
0,
0,
0,
0,
0,
0,
0,
0,
0,
0,
0,
0,
0,
0,
0,
0,
0,
18,
38,
0,
0,
0,
0,
0,
0,
0,
0,
4,
0,
0,
0,
28,
0,
25,
0,
128,
111,
0,
0,
53,
145,
16,
0,
0,
5,
35,
0,
0,
0,
3,
0,
0,
0,
0,
0,
0,
0,
0,
0,
0,
0,
0,
0,
0,
0,
0,
0,
0,
0,
0,
0,
0,
0,
0,
0,
0,
0,
0,
0,
0,
0,
0,
0,
0,
0,
0,
0,
0,
0,
0,
0,
0,
0,
0,
0,
0,
0,
0,
0,
0,
0,
0,
0,
0,
0,
0,
0,
0,
0,
0,
0,
0,
0,
0,
0,
11,
0,
0,
0,
0,
0,
0,
0,
0,
0,
0,
0,
0,
0,
0,
0,
0,
0,
0,
0,
74,
0,
0,
0,
0,
0,
0,
15,
14,
0,
0,
0,
23,
96,
0,
0,
0,
0,
0,
0,
0,
0,
0,
0,
0,
0,
72,
86,
0,
0,
0,
59,
0,
4,
28,
0,
0,
0,
0,
11,
0,
0,
0,
0,
0,
0,
0,
149,
0,
0,
0,
0,
0,
0,
0,
130,
0,
0,
53,
0,
0,
0,
0,
0,
0,
0,
0,
0,
0,
0,
0,
0,
0,
0,
0,
0,
0,
0,
50,
0,
0,
0,
0,
0,
0,
0,
0,
0,
0,
0,
0,
0,
0,
0,
0,
0,
0,
0,
0,
0,
0,
0,
0,
0,
0,
0,
0,
0,
0,
0,
0,
0,
0,
0,
0,
0,
0,
0,
0,
7,
0,
0,
0,
0,
0,
0,
0,
143,
65,
0,
0,
0,
0,
0,
0,
164,
110,
0,
0,
0,
0,
0,
0,
0,
0,
0,
0,
0,
0,
0,
0,
0,
0,
0,
38,
19,
0,
0,
29,
0,
0,
7,
0,
35,
71,
0,
9,
74,
78,
40,
20,
148,
10,
0,
0,
211,
0,
0,
38,
3,
0,
0,
29,
0,
0,
0,
0,
0,
34,
161,
88,
0,
0,
0,
0,
48,
255,
139,
13,
0,
0,
0,
108,
191,
31,
0,
0,
0,
0,
0,
0,
3,
0,
0,
0,
51,
0,
0,
0,
117,
100,
0,
0,
233,
151,
74,
125,
135,
255,
119,
5,
185,
255,
123,
177,
194,
255,
251,
120,
177,
255,
255,
243,
255,
255,
255,
144,
177,
220,
210,
122,
255,
142,
22,
0,
36,
0,
0,
0,
0,
0,
0,
0,
11,
0,
0,
0,
0,
0,
0,
0,
0,
0,
0,
0,
0,
0,
0,
0,
0,
0,
0,
34,
0,
0,
0,
0,
0,
0,
37,
0,
0,
0,
0,
0,
0,
0,
0,
0,
0,
0,
0,
0,
52,
0,
0,
18,
0,
0,
0,
0,
255,
16,
0,
0,
0,
0,
0,
0,
211,
0,
0,
39,
0,
0,
0,
0,
41,
0,
0,
0,
0,
0,
0,
0,
0,
0,
0,
0,
0,
0,
0,
0,
0,
21,
3,
5,
0,
0,
0,
0,
0,
0,
0,
0,
0,
0,
0,
0,
0,
0,
0,
0,
0,
0,
0,
0,
0,
0,
0,
0,
0,
0,
0,
0,
0,
0,
0,
0,
0,
0,
0,
0,
0,
0,
0,
0,
0,
0,
0,
17,
0,
0,
0,
0,
0,
0,
75,
3,
255,
255,
255,
255,
255,
255,
255,
255,
0,
0,
0,
0,
0,
0,
0,
0,
0,
0,
0,
11,
24,
0,
0,
0,
0,
0,
4,
0,
0,
0,
4,
0,
0,
0,
79,
30,
51,
45,
0,
0,
0,
0,
0,
0,
19,
0,
0,
0,
0,
0,
0,
0,
0,
0,
0,
0,
0,
0,
0,
0,
0,
0,
0,
16,
21,
0,
22,
0,
0,
0,
77,
0,
0,
0,
0,
0,
0,
0,
0,
0,
0,
0,
0,
0,
0,
0,
0,
0,
0,
0,
0,
3,
0,
0,
0,
42,
11,
0,
0,
0,
0,
62,
119,
0,
0,
35,
0,
0,
0,
9,
32,
0,
117,
123,
0,
0,
21,
0,
0,
0,
131,
0,
0,
161,
26,
0,
0,
0,
0,
0,
0,
0,
0,
0,
0,
0,
0,
0,
0,
0,
0,
0,
0,
0,
0,
103,
35,
0,
0,
0,
0,
38,
0,
101,
34,
0,
0,
0,
0,
90,
0,
0,
0,
0,
0,
0,
0,
32,
0,
0,
0,
0,
0,
0,
0,
64,
92,
0,
0,
0,
0,
0,
3,
114,
108,
0,
0,
0,
0,
0,
22,
78,
0,
0,
0,
0,
0,
0,
0,
0,
67,
0,
0,
0,
0,
0,
60,
13,
71,
38,
81,
64,
6,
0,
42,
69,
0,
0,
69,
52,
0,
0,
0,
45,
0,
0,
0,
0,
0,
0,
0,
0,
0,
0,
0,
0,
0,
33,
0,
0,
0,
0,
0,
0,
177,
10,
0,
0,
0,
0,
0,
0,
0,
0,
0,
0,
0,
0,
0,
0,
0,
0,
0,
0,
0,
0,
0,
0,
0,
0,
0,
0,
0,
0,
0,
0,
0,
0,
0,
0,
9,
0,
0,
0,
0,
0,
0,
0,
0,
0,
0,
0,
0,
0,
0,
0,
0,
0,
0,
0,
0,
0,
0,
0,
0,
0,
0,
26,
21,
0,
0,
0,
0,
0,
0,
0,
0,
0,
0,
0,
0,
0,
0,
0,
0,
0,
0,
0,
0,
0,
0,
0,
0,
0,
0,
0,
0,
0,
0,
0,
73,
37,
42,
0,
3,
80,
117,
59,
0,
130,
181,
93,
0,
180,
87,
68,
150,
65,
0,
0,
0,
20,
0,
0,
0,
0,
0,
0,
0,
0,
0,
0,
26,
0,
0,
0,
0,
0,
0,
0,
0,
0,
0,
0,
0,
0,
0,
0,
0,
0,
0,
0,
0,
0,
0,
0,
0,
0,
0,
0,
0,
0,
0,
0,
0,
0,
50,
0,
0,
0,
0,
0,
0,
0,
98,
0,
0,
0,
0,
0,
0,
0,
48,
75,
0,
0,
117,
0,
0,
71,
229,
86,
0,
0,
142,
0,
84,
255,
255,
0,
0,
0,
129,
71,
231,
255,
49,
0,
0,
138,
29,
36,
107,
98,
78,
87,
26,
178,
28,
2,
70,
177,
142,
92,
64,
252,
121,
143,
66,
135,
166,
137,
0,
255,
143,
245,
172,
109,
97,
132,
15,
255,
142,
135,
89,
11,
60,
83,
0,
94,
0,
0,
76,
163,
96,
0,
0,
0,
0,
0,
92,
108,
70,
0,
0,
0,
0,
38,
182,
223,
147,
66,
0,
0,
0,
0,
0,
0,
0,
9,
0,
0,
0,
0,
0,
0,
0,
0,
0,
0,
0,
0,
0,
0,
0,
0,
0,
0,
0,
0,
0,
1,
0,
0,
24,
0,
0,
0,
0,
0,
0,
0,
161,
34,
0,
0,
0,
0,
0,
0,
255,
117,
0,
0,
0,
0,
0,
0,
22,
0,
0,
67,
41,
0,
0,
0,
0,
0,
0,
0,
0,
0,
0,
0,
0,
0,
0,
0,
0,
0,
0,
0,
0,
0,
0,
0,
0,
0,
0,
0,
0,
0,
0,
0,
0,
0,
0,
0,
0,
0,
0,
0,
0,
0,
0,
0,
0,
0,
97,
66,
64,
0,
0,
0,
10,
47,
152,
68,
0,
0,
0,
0,
31,
71,
170,
30,
0,
0,
0,
0,
226,
0,
0,
0,
0,
0,
40,
0,
23,
0,
0,
0,
0,
0,
0,
0,
0,
0,
0,
0,
0,
7,
0,
0,
64,
0,
0,
69,
95,
73,
5,
0,
252,
156,
210,
166,
160,
99,
0,
0,
255,
182,
97,
97,
54,
0,
0,
0,
0,
0,
0,
0,
158,
181,
142,
0,
0,
0,
0,
0,
77,
69,
14,
0,
0,
0,
0,
0,
0,
0,
0,
0,
0,
0,
0,
0,
0,
0,
0,
0,
103,
0,
0,
0,
0,
0,
0,
0,
56,
0,
0,
0,
0,
0,
0,
0,
0,
0,
0,
0,
0,
0,
0,
0,
0,
0,
0,
0,
0,
0,
0,
0,
16,
49,
0,
0,
0,
0,
0,
0,
0,
0,
0,
0,
0,
0,
0,
0,
133,
107,
0,
0,
0,
4,
43,
0,
65,
166,
4,
0,
0,
0,
99,
95,
0,
136,
117,
12,
0,
0,
36,
185,
0,
68,
89,
0,
51,
0,
0,
104,
0,
73,
69,
104,
99,
49,
0,
0,
0,
0,
0,
0,
0,
0,
0,
18,
0,
0,
0,
0,
0,
0,
0,
193,
0,
0,
0,
0,
0,
0,
0,
144,
