0,
0,
0,
0,
0,
0,
0,
0,
0,
0,
0,
0,
0,
0,
0,
0,
60,
89,
0,
0,
0,
0,
0,
0,
0,
0,
0,
0,
0,
0,
0,
0,
58,
0,
0,
0,
70,
0,
2,
0,
0,
60,
0,
0,
0,
0,
0,
0,
0,
0,
0,
0,
14,
24,
0,
0,
0,
0,
8,
27,
0,
0,
0,
0,
0,
0,
0,
0,
0,
0,
0,
0,
0,
45,
0,
0,
0,
0,
0,
0,
0,
68,
150,
204,
0,
0,
12,
255,
52,
39,
0,
0,
0,
57,
0,
19,
0,
0,
0,
0,
0,
0,
0,
0,
0,
0,
0,
0,
0,
0,
7,
0,
66,
110,
0,
0,
0,
0,
0,
0,
0,
0,
0,
36,
0,
0,
110,
231,
0,
0,
0,
0,
0,
0,
0,
0,
0,
0,
0,
0,
0,
0,
0,
0,
0,
0,
0,
0,
0,
0,
0,
0,
0,
0,
9,
21,
0,
0,
28,
2,
0,
92,
0,
0,
0,
0,
0,
24,
0,
0,
0,
0,
0,
0,
0,
122,
0,
6,
0,
0,
7,
0,
0,
0,
0,
0,
6,
0,
0,
0,
0,
0,
0,
0,
0,
0,
0,
0,
0,
0,
15,
57,
0,
0,
0,
0,
0,
0,
0,
0,
0,
0,
91,
0,
0,
0,
0,
7,
0,
0,
0,
0,
47,
0,
0,
0,
0,
0,
18,
187,
0,
184,
0,
0,
0,
0,
0,
0,
0,
0,
0,
0,
0,
0,
0,
0,
0,
0,
0,
0,
0,
0,
95,
0,
0,
0,
0,
0,
0,
0,
0,
0,
0,
0,
0,
0,
0,
0,
0,
0,
0,
0,
0,
0,
0,
0,
0,
0,
0,
0,
0,
0,
17,
0,
0,
0,
0,
0,
255,
3,
162,
0,
0,
0,
0,
0,
0,
0,
40,
0,
0,
0,
0,
0,
0,
25,
112,
115,
0,
0,
0,
0,
15,
0,
50,
0,
0,
0,
0,
0,
0,
0,
0,
0,
0,
0,
0,
0,
0,
0,
0,
0,
0,
0,
143,
0,
0,
0,
0,
0,
84,
49,
72,
43,
0,
0,
0,
20,
0,
0,
0,
0,
71,
171,
0,
50,
0,
0,
0,
0,
0,
0,
0,
0,
0,
0,
0,
0,
0,
0,
0,
0,
2,
0,
0,
0,
0,
0,
89,
52,
0,
0,
53,
0,
0,
0,
0,
0,
0,
0,
212,
0,
0,
0,
0,
0,
0,
0,
5,
67,
0,
0,
0,
0,
0,
0,
0,
0,
0,
17,
0,
0,
0,
0,
30,
142,
0,
0,
0,
0,
0,
0,
0,
0,
80,
0,
106,
0,
0,
0,
0,
0,
0,
0,
0,
0,
55,
0,
20,
0,
0,
0,
0,
0,
0,
0,
0,
0,
0,
0,
0,
0,
0,
0,
0,
0,
0,
0,
0,
0,
0,
0,
0,
0,
32,
0,
0,
92,
0,
0,
0,
0,
0,
0,
0,
0,
195,
0,
0,
0,
0,
0,
0,
0,
0,
0,
63,
0,
57,
0,
74,
0,
0,
0,
48,
0,
0,
0,
0,
0,
0,
0,
0,
0,
0,
0,
0,
0,
0,
0,
0,
0,
