224,
176,
255,
255,
255,
255,
255,
255,
255,
197,
189,
213,
254,
255,
207,
239,
87,
50,
74,
73,
72,
70,
68,
68,
12,
0,
0,
0,
13,
66,
9,
75,
171,
115,
149,
148,
144,
95,
51,
81,
25,
0,
0,
0,
86,
118,
94,
139,
146,
48,
96,
133,
87,
0,
0,
0,
1,
0,
0,
0,
0,
41,
78,
134,
173,
0,
0,
0,
0,
0,
0,
0,
55,
139,
85,
65,
33,
0,
0,
56,
38,
0,
0,
0,
0,
0,
0,
79,
23,
50,
0,
0,
0,
0,
0,
37,
72,
0,
0,
0,
0,
0,
0,
43,
0,
0,
0,
130,
0,
0,
0,
49,
0,
0,
0,
0,
0,
0,
0,
23,
27,
81,
52,
50,
20,
0,
0,
63,
0,
0,
0,
0,
0,
0,
0,
0,
0,
87,
144,
173,
200,
134,
0,
76,
0,
0,
0,
62,
38,
0,
0,
0,
0,
0,
5,
38,
52,
16,
0,
110,
0,
0,
0,
98,
95,
25,
32,
83,
149,
129,
153,
156,
137,
70,
0,
75,
0,
0,
0,
20,
30,
0,
0,
0,
133,
200,
195,
142,
79,
35,
0,
25,
0,
0,
0,
9,
22,
0,
0,
0,
72,
211,
219,
119,
33,
0,
0,
17,
0,
0,
0,
47,
60,
0,
0,
0,
0,
51,
0,
0,
22,
2,
0,
14,
0,
0,
4,
95,
109,
0,
0,
0,
0,
0,
23,
85,
86,
10,
0,
45,
0,
0,
128,
158,
164,
102,
14,
11,
21,
120,
121,
105,
111,
87,
0,
86,
58,
0,
0,
0,
0,
0,
0,
0,
0,
0,
0,
0,
0,
0,
0,
0,
20,
0,
0,
0,
0,
0,
0,
0,
0,
0,
0,
0,
0,
0,
0,
0,
41,
0,
0,
0,
0,
0,
0,
0,
0,
0,
0,
25,
12,
0,
0,
0,
0,
0,
0,
0,
0,
0,
0,
0,
0,
0,
0,
9,
0,
0,
0,
0,
0,
28,
81,
17,
0,
0,
0,
0,
0,
0,
0,
0,
0,
0,
10,
0,
0,
31,
1,
0,
0,
0,
0,
0,
0,
0,
0,
0,
0,
27,
0,
0,
0,
0,
0,
0,
0,
0,
0,
129,
66,
0,
0,
0,
0,
0,
0,
0,
0,
16,
42,
0,
0,
0,
0,
0,
0,
0,
0,
0,
0,
0,
0,
0,
36,
121,
0,
0,
0,
0,
0,
0,
0,
0,
0,
0,
0,
0,
0,
0,
54,
0,
0,
0,
0,
0,
0,
0,
0,
0,
0,
0,
0,
0,
42,
71,
0,
0,
0,
0,
0,
0,
0,
0,
0,
0,
0,
63,
154,
192,
121,
62,
0,
0,
0,
0,
0,
0,
0,
21,
35,
124,
142,
143,
164,
122,
106,
35,
0,
0,
0,
0,
0,
0,
62,
90,
0,
0,
0,
26,
135,
172,
169,
0,
0,
0,
0,
0,
0,
0,
88,
0,
0,
0,
27,
153,
196,
155,
68,
0,
0,
0,
0,
0,
0,
21,
78,
0,
61,
163,
188,
95,
68,
90,
0,
0,
0,
0,
2,
44,
67,
93,
128,
156,
237,
147,
22,
21,
65,
67,
0,
0,
0,
25,
44,
43,
42,
43,
44,
43,
0,
0,
29,
16,
45,
38,
28,
159,
0,
59,
34,
34,
33,
31,
7,
0,
9,
45,
33,
0,
0,
15,
16,
64,
0,
67,
33,
35,
5,
0,
5,
13,
152,
27,
0,
0,
0,
0,
26,
79,
0,
0,
0,
47,
8,
0,
32,
0,
98,
0,
0,
0,
0,
0,
20,
72,
0,
0,
0,
0,
0,
0,
10,
0,
0,
0,
0,
156,
61,
0,
0,
0,
0,
0,
0,
0,
0,
0,
57,
0,
0,
56,
116,
43,
0,
0,
0,
37,
0,
0,
0,
0,
0,
126,
0,
0,
0,
0,
22,
94,
0,
0,
0,
0,
0,
0,
0,
0,
0,
0,
0,
0,
163,
89,
8,
0,
0,
0,
0,
41,
0,
0,
0,
0,
0,
0,
58,
100,
0,
0,
0,
0,
87,
177,
155,
52,
0,
68,
25,
7,
25,
0,
36,
60,
36,
40,
92,
99,
75,
0,
0,
0,
0,
0,
0,
0,
0,
0,
0,
0,
10,
102,
84,
9,
0,
0,
0,
0,
0,
0,
0,
14,
28,
0,
0,
0,
0,
0,
0,
0,
0,
5,
0,
0,
0,
0,
0,
0,
0,
0,
0,
0,
0,
35,
134,
163,
0,
0,
0,
0,
0,
10,
0,
0,
0,
0,
0,
0,
40,
94,
0,
0,
0,
0,
0,
0,
0,
0,
0,
0,
0,
0,
0,
0,
0,
0,
0,
0,
0,
0,
0,
0,
0,
0,
0,
0,
0,
0,
0,
0,
0,
0,
0,
0,
0,
0,
0,
88,
0,
0,
0,
0,
0,
0,
0,
0,
0,
18,
65,
2,
0,
0,
0,
30,
0,
0,
0,
0,
0,
0,
0,
0,
0,
1,
16,
80,
42,
0,
0,
0,
0,
48,
14,
7,
7,
49,
70,
8,
0,
0,
0,
96,
110,
27,
0,
23,
0,
55,
105,
54,
0,
33,
12,
46,
0,
0,
0,
0,
92,
113,
54,
38,
0,
0,
164,
224,
34,
0,
0,
0,
0,
0,
0,
0,
0,
81,
162,
54,
0,
0,
0,
93,
111,
0,
0,
0,
46,
59,
0,
0,
0,
0,
28,
89,
0,
0,
0,
61,
0,
0,
0,
0,
0,
0,
0,
0,
0,
0,
0,
63,
0,
0,
0,
0,
0,
0,
0,
0,
0,
0,
0,
0,
0,
0,
0,
0,
0,
0,
0,
0,
0,
0,
0,
0,
0,
0,
0,
0,
0,
0,
0,
0,
0,
0,
0,
0,
0,
0,
0,
0,
0,
0,
0,
0,
0,
0,
21,
0,
0,
0,
0,
0,
0,
0,
0,
0,
0,
0,
0,
0,
0,
0,
11,
9,
0,
0,
35,
0,
0,
0,
0,
142,
0,
0,
0,
0,
0,
18,
34,
1,
0,
0,
0,
0,
0,
0,
0,
143,
99,
0,
0,
0,
0,
0,
1,
0,
0,
0,
0,
0,
0,
0,
0,
0,
0,
0,
0,
0,
0,
0,
0,
0,
0,
0,
0,
0,
0,
0,
0,
0,
0,
0,
0,
0,
0,
0,
16,
0,
0,
0,
0,
0,
0,
0,
0,
0,
0,
0,
0,
0,
0,
0,
0,
0,
52,
30,
0,
0,
0,
0,
0,
0,
0,
0,
0,
0,
11,
0,
44,
0,
62,
0,
2,
2,
3,
2,
0,
0,
0,
0,
6,
16,
31,
0,
8,
0,
0,
8,
29,
26,
1,
0,
0,
0,
0,
22,
42,
0,
3,
25,
25,
0,
0,
0,
0,
62,
18,
0,
56,
0,
3,
23,
0,
0,
0,
0,
52,
20,
0,
0,
0,
3,
0,
0,
67,
0,
13,
0,
0,
0,
0,
0,
102,
25,
0,
0,
0,
0,
0,
0,
0,
0,
0,
0,
0,
13,
0,
0,
0,
0,
0,
0,
0,
0,
0,
0,
0,
0,
0,
0,
5,
0,
0,
0,
0,
0,
0,
6,
0,
0,
0,
0,
0,
0,
0,
0,
0,
0,
0,
0,
0,
0,
0,
0,
0,
0,
0,
0,
0,
0,
0,
0,
0,
0,
0,
0,
0,
48,
0,
0,
0,
0,
0,
0,
0,
0,
0,
0,
0,
0,
0,
4,
41,
64,
0,
0,
0,
0,
0,
0,
0,
0,
0,
0,
0,
0,
0,
0,
0,
2,
0,
0,
0,
0,
0,
0,
0,
0,
0,
0,
0,
0,
0,
0,
49,
48,
0,
0,
0,
0,
0,
0,
0,
0,
0,
0,
0,
0,
73,
122,
89,
25,
0,
0,
0,
0,
43,
37,
0,
0,
0,
0,
150,
255,
204,
48,
33,
0,
0,
0,
0,
0,
0,
4,
0,
0,
66,
255,
248,
71,
13,
23,
0,
0,
13,
0,
0,
0,
0,
0,
0,
0,
153,
15,
0,
7,
3,
0,
0,
0,
0,
0,
0,
0,
0,
0,
0,
0,
0,
0,
0,
0,
0,
0,
0,
0,
0,
0,
0,
0,
0,
0,
0,
0,
0,
0,
0,
0,
0,
0,
0,
0,
0,
0,
0,
0,
0,
0,
0,
0,
18,
11,
0,
0,
0,
0,
0,
0,
0,
0,
0,
0,
0,
0,
0,
0,
27,
3,
0,
0,
0,
0,
0,
0,
110,
0,
0,
0,
0,
0,
0,
0,
0,
0,
0,
0,
0,
0,
0,
0,
53,
0,
0,
0,
0,
34,
0,
0,
0,
0,
0,
0,
0,
0,
0,
0,
118,
0,
0,
0,
52,
88,
0,
0,
0,
0,
0,
0,
0,
0,
0,
0,
79,
0,
0,
0,
15,
0,
0,
0,
0,
0,
0,
0,
0,
0,
0,
0,
66,
0,
0,
0,
0,
0,
0,
0,
21,
8,
0,
0,
0,
0,
0,
0,
163,
56,
22,
0,
0,
17,
17,
0,
0,
7,
0,
0,
0,
0,
0,
0,
203,
55,
96,
71,
92,
133,
119,
57,
53,
65,
30,
12,
3,
0,
0,
0,
56,
0,
10,
32,
13,
27,
219,
255,
255,
255,
175,
84,
0,
0,
0,
0,
0,
5,
0,
0,
0,
68,
255,
255,
255,
255,
138,
0,
0,
0,
0,
0,
0,
0,
0,
0,
0,
0,
79,
195,
80,
0,
0,
0,
0,
0,
0,
0,
0,
0,
0,
0,
0,
0,
0,
0,
0,
0,
0,
0,
0,
0,
0,
0,
32,
0,
0,
0,
0,
0,
0,
0,
0,
0,
0,
15,
0,
1,
25,
0,
0,
0,
0,
0,
0,
0,
0,
0,
0,
0,
0,
0,
0,
0,
0,
0,
0,
0,
0,
0,
0,
0,
0,
0,
0,
0,
0,
0,
0,
0,
0,
0,
0,
0,
0,
0,
0,
0,
0,
0,
0,
0,
0,
0,
0,
0,
0,
0,
0,
0,
0,
0,
0,
0,
0,
0,
0,
0,
0,
0,
0,
0,
0,
0,
0,
0,
0,
0,
0,
0,
0,
0,
0,
0,
0,
0,
0,
0,
0,
0,
0,
0,
0,
0,
0,
0,
0,
0,
0,
0,
0,
0,
0,
0,
0,
0,
0,
0,
0,
0,
0,
0,
0,
0,
0,
0,
0,
0,
0,
0,
0,
0,
83,
0,
0,
0,
0,
0,
0,
0,
0,
0,
0,
0,
0,
0,
0,
0,
0,
0,
0,
0,
0,
0,
0,
0,
0,
0,
0,
0,
0,
0,
0,
0,
0,
0,
0,
0,
0,
0,
0,
0,
0,
0,
0,
0,
0,
0,
0,
0,
48,
47,
92,
82,
0,
0,
0,
0,
0,
0,
0,
0,
0,
0,
0,
0,
42,
180,
0,
36,
51,
111,
60,
0,
0,
0,
0,
0,
0,
0,
0,
0,
92,
102,
84,
0,
0,
0,
173,
0,
0,
0,
0,
0,
0,
0,
0,
0,
0,
58,
27,
34,
0,
0,
76,
0,
0,
0,
0,
0,
0,
0,
0,
0,
0,
0,
5,
4,
0,
0,
52,
144,
0,
0,
0,
0,
0,
0,
0,
0,
0,
0,
0,
0,
0,
0,
0,
0,
15,
0,
3,
0,
0,
0,
0,
0,
0,
0,
0,
0,
0,
0,
0,
0,
0,
34,
44,
42,
8,
0,
0,
0,
0,
0,
0,
0,
0,
0,
0,
0,
26,
87,
38,
0,
0,
0,
0,
0,
4,
0,
7,
0,
0,
0,
0,
68,
104,
182,
183,
57,
37,
11,
0,
0,
126,
200,
116,
59,
0,
0,
0,
0,
0,
29,
132,
140,
163,
131,
37,
0,
157,
206,
78,
33,
40,
31,
65,
8,
3,
5,
60,
208,
255,
140,
12,
0,
39,
127,
154,
82,
103,
144,
255,
255,
186,
66,
0,
30,
38,
0,
0,
0,
138,
146,
238,
202,
110,
18,
15,
73,
94,
126,
102,
130,
174,
191,
81,
0,
0,
0,
0,
44,
0,
0,
0,
26,
120,
197,
227,
203,
243,
239,
155,
4,
0,
0,
116,
177,
191,
242,
180,
210,
181,
145,
171,
189,
212,
236,
154,
0,
186,
244,
247,
255,
255,
255,
255,
255,
240,
220,
185,
198,
203,
150,
42,
0,
0,
0,
0,
0,
0,
20,
44,
144,
203,
210,
148,
55,
1,
0,
0,
0,
0,
0,
0,
0,
0,
0,
0,
0,
0,
0,
0,
0,
0,
0,
0,
0,
0,
0,
0,
0,
0,
0,
0,
0,
0,
0,
0,
0,
0,
0,
0,
0,
0,
0,
0,
0,
0,
0,
0,
0,
0,
0,
2,
50,
69,
41,
0,
0,
0,
0,
0,
0,
0,
0,
106,
125,
206,
255,
233,
153,
129,
107,
53,
0,
0,
0,
7,
12,
22,
78,
215,
255,
255,
191,
77,
30,
36,
38,
0,
0,
74,
1,
0,
0,
0,
0,
0,
0,
5,
15,
63,
12,
0,
0,
0,
0,
40,
0,
0,
0,
0,
0,
0,
0,
18,
9,
0,
0,
0,
0,
0,
0,
37,
0,
0,
0,
0,
0,
52,
35,
19,
0,
0,
0,
0,
0,
0,
0,
13,
0,
9,
0,
0,
20,
0,
0,
0,
0,
0,
0,
0,
0,
0,
0,
0,
0,
0,
0,
18,
24,
0,
0,
0,
57,
108,
0,
0,
0,
0,
0,
0,
2,
1,
0,
10,
12,
0,
0,
68,
106,
0,
0,
0,
29,
0,
0,
53,
25,
0,
37,
24,
0,
0,
56,
168,
54,
0,
0,
29,
0,
0,
0,
71,
156,
173,
32,
0,
0,
24,
143,
0,
0,
0,
0,
0,
0,
0,
0,
179,
228,
0,
0,
0,
0,
0,
0,
0,
0,
0,
0,
0,
0,
0,
0,
104,
0,
0,
0,
0,
0,
0,
0,
0,
0,
0,
0,
0,
0,
0,
0,
0,
0,
0,
0,
0,
0,
0,
0,
0,
0,
0,
11,
65,
97,
42,
0,
0,
0,
0,
0,
0,
0,
0,
0,
0,
0,
134,
255,
255,
140,
3,
0,
0,
0,
0,
0,
0,
0,
0,
0,
120,
254,
255,
232,
15,
0,
0,
0,
0,
0,
0,
0,
0,
0,
0,
74,
115,
89,
0,
0,
0,
0,
0,
0,
0,
0,
0,
0,
0,
0,
0,
0,
0,
0,
0,
0,
0,
0,
0,
0,
0,
0,
0,
0,
0,
0,
0,
0,
0,
0,
0,
0,
0,
0,
0,
0,
0,
0,
0,
0,
0,
0,
0,
0,
0,
0,
0,
0,
0,
0,
0,
0,
0,
0,
0,
0,
0,
0,
0,
0,
0,
0,
0,
0,
0,
0,
0,
0,
0,
0,
0,
0,
0,
0,
0,
0,
0,
0,
0,
0,
0,
0,
0,
0,
0,
0,
0,
0,
0,
9,
0,
0,
0,
0,
0,
0,
0,
0,
0,
0,
0,
0,
0,
0,
0,
0,
0,
0,
0,
0,
0,
0,
0,
0,
0,
0,
0,
0,
0,
0,
0,
0,
0,
0,
0,
0,
0,
0,
0,
0,
0,
0,
0,
0,
0,
0,
0,
0,
0,
0,
0,
0,
0,
0,
0,
0,
0,
0,
0,
0,
0,
0,
0,
0,
0,
0,
0,
0,
0,
0,
0,
0,
0,
0,
0,
0,
0,
0,
0,
0,
0,
0,
0,
0,
0,
0,
0,
0,
0,
0,
0,
0,
0,
0,
0,
0,
0,
0,
0,
0,
0,
0,
0,
0,
0,
0,
0,
0,
0,
0,
0,
0,
0,
0,
0,
0,
0,
0,
0,
0,
0,
0,
61,
41,
15,
43,
26,
0,
0,
0,
0,
0,
0,
0,
0,
0,
0,
25,
79,
43,
0,
0,
0,
0,
0,
0,
0,
0,
0,
0,
0,
0,
0,
0,
97,
92,
4,
0,
0,
7,
37,
0,
0,
0,
0,
0,
0,
2,
0,
0,
0,
0,
18,
0,
0,
0,
124,
0,
0,
0,
0,
0,
0,
0,
0,
0,
0,
0,
12,
0,
0,
0,
30,
0,
0,
0,
0,
0,
0,
0,
0,
0,
0,
0,
0,
0,
0,
0,
0,
0,
0,
0,
0,
0,
0,
0,
0,
0,
0,
0,
0,
0,
0,
0,
0,
0,
0,
0,
0,
0,
0,
0,
0,
0,
0,
0,
0,
0,
0,
0,
0,
0,
0,
0,
0,
0,
0,
0,
0,
0,
0,
0,
0,
0,
0,
0,
0,
0,
6,
0,
0,
0,
0,
0,
0,
0,
0,
0,
0,
0,
0,
0,
0,
0,
0,
0,
0,
0,
0,
0,
0,
0,
60,
0,
0,
0,
0,
0,
0,
0,
0,
0,
0,
0,
0,
0,
0,
0,
0,
0,
0,
0,
0,
0,
0,
0,
0,
0,
0,
0,
0,
0,
0,
0,
167,
61,
0,
0,
0,
0,
0,
0,
0,
0,
0,
0,
0,
0,
0,
0,
85,
0,
0,
0,
0,
0,
0,
0,
0,
0,
0,
0,
0,
0,
0,
0,
0,
0,
0,
0,
0,
0,
0,
0,
0,
0,
0,
0,
0,
61,
89,
0,
94,
19,
87,
17,
0,
0,
0,
0,
0,
0,
0,
13,
42,
0,
0,
0,
255,
178,
154,
131,
159,
126,
104,
0,
0,
0,
0,
0,
0,
0,
0,
0,
61,
0,
0,
35,
129,
102,
0,
0,
0,
0,
0,
0,
0,
0,
0,
0,
108,
103,
123,
98,
58,
0,
0,
0,
0,
0,
68,
196,
145,
20,
0,
0,
0,
0,
21,
8,
0,
16,
0,
42,
195,
255,
255,
112,
0,
0,
0,
0,
0,
0,
0,
0,
0,
4,
54,
240,
255,
104,
0,
0,
0,
0,
0,
0,
0,
65,
0,
0,
0,
0,
0,
0,
0,
0,
0,
0,
0,
0,
0,
31,
116,
92,
28,
27,
28,
31,
24,
26,
24,
21,
0,
0,
22,
29,
33,
0,
23,
41,
25,
26,
18,
54,
20,
0,
0,
0,
0,
0,
23,
33,
24,
0,
0,
10,
0,
0,
25,
37,
0,
0,
0,
0,
0,
0,
105,
34,
0,
0,
0,
0,
0,
72,
24,
0,
0,
0,
0,
0,
0,
30,
72,
0,
0,
3,
0,
0,
0,
170,
0,
0,
0,
0,
0,
0,
0,
0,
0,
0,
191,
29,
0,
0,
0,
0,
0,
0,
0,
0,
0,
1,
0,
0,
0,
0,
109,
0,
0,
0,
20,
0,
0,
0,
0,
42,
245,
120,
0,
0,
0,
0,
0,
96,
0,
37,
3,
0,
8,
47,
22,
0,
0,
0,
0,
7,
0,
0,
96,
115,
0,
255,
0,
92,
72,
19,
0,
0,
0,
8,
0,
0,
0,
0,
0,
19,
22,
0,
0,
0,
0,
0,
0,
0,
0,
0,
0,
0,
0,
0,
80,
0,
0,
0,
0,
0,
0,
0,
0,
0,
0,
0,
0,
0,
0,
89,
4,
0,
0,
0,
0,
0,
0,
0,
0,
0,
0,
0,
0,
0,
53,
75,
90,
59,
0,
0,
0,
0,
0,
0,
0,
0,
0,
0,
0,
0,
222,
180,
82,
18,
0,
0,
0,
0,
0,
0,
0,
0,
0,
0,
172,
255,
116,
0,
3,
0,
0,
0,
0,
0,
0,
0,
0,
0,
78,
255,
196,
13,
0,
0,
0,
0,
0,
0,
0,
0,
0,
0,
0,
0,
0,
0,
0,
0,
0,
0,
0,
0,
0,
0,
10,
10,
9,
13,
3,
14,
0,
0,
5,
0,
41,
12,
0,
13,
0,
0,
4,
7,
0,
35,
28,
38,
0,
8,
0,
0,
74,
9,
0,
17,
0,
0,
0,
24,
0,
79,
82,
100,
0,
0,
0,
0,
0,
0,
0,
18,
0,
0,
0,
72,
0,
137,
79,
27,
0,
0,
0,
0,
0,
0,
0,
23,
0,
0,
0,
0,
0,
40,
0,
0,
0,
0,
0,
0,
0,
0,
0,
36,
0,
0,
0,
0,
0,
22,
0,
0,
0,
0,
0,
0,
0,
0,
0,
12,
0,
0,
0,
12,
75,
37,
0,
0,
0,
0,
0,
0,
0,
0,
0,
0,
0,
0,
0,
0,
0,
0,
0,
0,
0,
0,
0,
0,
0,
0,
0,
0,
0,
0,
0,
0,
0,
0,
0,
0,
0,
0,
0,
0,
0,
0,
0,
44,
0,
0,
0,
0,
0,
0,
0,
0,
0,
0,
0,
0,
0,
0,
25,
102,
0,
0,
0,
0,
0,
0,
0,
0,
0,
0,
0,
0,
0,
0,
0,
79,
0,
0,
0,
0,
0,
0,
0,
0,
0,
0,
0,
0,
0,
0,
56,
88,
0,
0,
0,
0,
0,
0,
0,
0,
0,
0,
0,
0,
3,
73,
87,
86,
43,
0,
0,
0,
0,
0,
0,
0,
0,
0,
5,
44,
44,
41,
6,
26,
0,
0,
0,
0,
0,
0,
0,
0,
0,
0,
15,
0,
0,
0,
0,
0,
0,
0,
0,
0,
0,
0,
0,
0,
0,
0,
0,
0,
0,
0,
0,
0,
0,
0,
0,
0,
0,
0,
5,
0,
0,
76,
0,
0,
0,
0,
0,
57,
0,
0,
0,
0,
0,
4,
0,
0,
0,
0,
0,
0,
0,
0,
0,
37,
0,
86,
15,
0,
3,
47,
0,
0,
0,
0,
0,
0,
0,
0,
0,
7,
0,
81,
0,
0,
5,
62,
0,
0,
0,
0,
0,
0,
0,
0,
0,
0,
0,
98,
11,
0,
0,
0,
0,
0,
68,
0,
0,
0,
0,
45,
0,
0,
0,
70,
0,
0,
0,
0,
0,
0,
0,
0,
0,
0,
0,
23,
0,
0,
0,
0,
0,
0,
0,
0,
0,
0,
0,
0,
0,
0,
0,
0,
0,
60,
0,
0,
0,
0,
0,
0,
0,
0,
0,
0,
0,
0,
0,
0,
0,
9,
0,
0,
0,
0,
0,
0,
0,
0,
0,
0,
0,
0,
0,
0,
0,
20,
0,
0,
0,
0,
0,
15,
0,
0,
0,
0,
0,
42,
33,
19,
0,
0,
0,
0,
0,
0,
0,
0,
0,
0,
0,
0,
0,
15,
40,
0,
0,
0,
0,
0,
0,
0,
0,
4,
0,
0,
0,
0,
0,
0,
0,
0,
0,
0,
0,
0,
0,
0,
0,
2,
9,
0,
0,
11,
0,
0,
0,
0,
0,
0,
0,
0,
0,
0,
0,
13,
87,
0,
34,
34,
0,
0,
0,
20,
10,
73,
0,
0,
0,
0,
0,
0,
15,
15,
0,
0,
0,
0,
0,
0,
0,
0,
0,
0,
0,
0,
0,
0,
0,
0,
0,
0,
0,
0,
0,
0,
0,
0,
0,
0,
0,
0,
0,
0,
0,
0,
0,
0,
0,
0,
0,
0,
0,
0,
0,
0,
0,
0,
0,
0,
55,
0,
0,
0,
66,
0,
0,
0,
0,
0,
0,
0,
0,
0,
0,
0,
77,
0,
0,
0,
0,
0,
0,
0,
0,
0,
0,
0,
0,
0,
0,
0,
130,
0,
0,
0,
0,
0,
0,
0,
0,
0,
0,
0,
0,
0,
0,
0,
84,
0,
0,
0,
0,
0,
0,
0,
0,
0,
0,
0,
0,
0,
0,
0,
0,
0,
0,
0,
0,
0,
0,
0,
0,
0,
0,
0,
0,
0,
0,
0,
0,
0,
0,
0,
0,
0,
0,
0,
0,
0,
11,
0,
0,
0,
0,
0,
0,
0,
0,
0,
0,
0,
0,
0,
0,
0,
0,
0,
0,
0,
0,
0,
0,
0,
0,
0,
0,
0,
0,
0,
0,
0,
0,
0,
0,
0,
0,
0,
0,
0,
0,
0,
0,
0,
0,
0,
0,
0,
0,
4,
0,
0,
0,
0,
0,
0,
0,
0,
0,
0,
0,
0,
0,
0,
0,
115,
0,
0,
0,
59,
0,
0,
0,
0,
0,
0,
0,
0,
0,
0,
0,
161,
0,
0,
47,
69,
0,
0,
0,
0,
0,
0,
0,
0,
0,
0,
0,
118,
0,
0,
0,
0,
0,
0,
0,
0,
0,
0,
0,
0,
0,
0,
0,
0,
0,
0,
0,
0,
0,
0,
0,
0,
0,
0,
0,
0,
0,
0,
0,
0,
0,
0,
0,
0,
0,
0,
0,
0,
0,
0,
0,
0,
0,
0,
0,
0,
0,
0,
0,
0,
0,
0,
0,
0,
0,
0,
0,
0,
0,
0,
0,
0,
0,
0,
0,
0,
0,
0,
0,
0,
0,
0,
0,
0,
0,
0,
0,
0,
0,
0,
0,
0,
0,
0,
0,
0,
0,
0,
0,
0,
0,
0,
0,
0,
0,
0,
0,
0,
0,
0,
0,
0,
0,
0,
0,
0,
0,
0,
0,
0,
0,
0,
0,
0,
0,
0,
0,
0,
0,
0,
0,
0,
0,
0,
0,
0,
0,
0,
0,
0,
0,
0,
0,
0,
0,
0,
0,
0,
0,
0,
0,
0,
0,
0,
0,
0,
0,
0,
0,
0,
0,
0,
0,
0,
0,
0,
0,
0,
0,
0,
0,
0,
0,
0,
0,
0,
0,
0,
0,
0,
0,
0,
0,
0,
0,
0,
0,
0,
0,
0,
0,
0,
0,
0,
0,
0,
10,
35,
0,
0,
0,
0,
0,
0,
0,
0,
0,
0,
0,
0,
0,
26,
57,
55,
2,
4,
0,
0,
0,
0,
0,
0,
0,
0,
0,
1,
0,
15,
76,
22,
26,
0,
0,
0,
6,
0,
0,
0,
0,
0,
0,
16,
79,
27,
19,
0,
46,
0,
0,
17,
0,
0,
0,
0,
0,
9,
127,
144,
85,
0,
0,
0,
111,
0,
16,
17,
5,
9,
0,
0,
61,
92,
136,
92,
0,
0,
0,
0,
0,
0,
0,
0,
0,
0,
0,
0,
11,
1,
18,
0,
0,
0,
0,
0,
0,
0,
0,
0,
0,
0,
0,
0,
0,
0,
0,
0,
0,
0,
0,
0,
0,
0,
0,
0,
0,
0,
0,
0,
0,
0,
47,
0,
0,
0,
0,
0,
0,
0,
0,
0,
0,
0,
0,
0,
0,
0,
0,
0,
0,
0,
0,
0,
0,
0,
0,
0,
0,
0,
0,
0,
0,
0,
0,
0,
0,
0,
0,
0,
109,
110,
32,
0,
0,
0,
0,
0,
0,
0,
0,
0,
0,
89,
0,
0,
0,
0,
0,
0,
0,
0,
0,
0,
0,
0,
0,
0,
0,
45,
0,
0,
16,
0,
0,
0,
0,
175,
59,
29,
0,
0,
0,
0,
0,
0,
0,
0,
63,
34,
0,
0,
0,
0,
0,
0,
0,
0,
0,
0,
0,
0,
0,
0,
0,
0,
0,
0,
0,
0,
0,
0,
0,
0,
0,
0,
0,
0,
0,
0,
0,
0,
0,
0,
0,
0,
0,
0,
0,
0,
0,
0,
6,
23,
0,
0,
84,
11,
61,
0,
0,
0,
0,
0,
0,
0,
0,
0,
0,
0,
0,
0,
0,
0,
0,
0,
0,
0,
0,
0,
0,
0,
0,
0,
0,
0,
0,
0,
0,
0,
0,
0,
0,
0,
0,
0,
0,
0,
0,
0,
0,
0,
0,
0,
0,
0,
0,
0,
0,
0,
0,
0,
0,
27,
75,
0,
0,
0,
0,
0,
0,
0,
0,
0,
0,
0,
0,
0,
33,
0,
0,
0,
0,
0,
0,
0,
0,
0,
0,
0,
0,
0,
0,
0,
0,
0,
0,
0,
0,
0,
0,
0,
0,
0,
0,
0,
0,
0,
0,
0,
0,
0,
0,
0,
0,
0,
0,
0,
0,
0,
0,
0,
0,
0,
0,
0,
0,
0,
0,
0,
0,
0,
0,
0,
0,
0,
0,
0,
0,
0,
0,
0,
0,
0,
0,
0,
0,
0,
0,
0,
0,
0,
0,
0,
0,
0,
0,
0,
0,
35,
7,
0,
0,
0,
0,
0,
0,
165,
0,
0,
0,
0,
0,
0,
0,
0,
0,
0,
69,
11,
0,
0,
0,
0,
0,
0,
0,
0,
0,
0,
0,
0,
69,
105,
46,
0,
0,
0,
0,
142,
0,
0,
0,
0,
232,
174,
49,
0,
0,
0,
0,
0,
0,
0,
0,
0,
0,
0,
0,
0,
0,
0,
0,
116,
176,
178,
203,
82,
44,
0,
0,
0,
0,
0,
0,
0,
0,
0,
0,
0,
0,
0,
0,
0,
74,
0,
0,
0,
89,
170,
137,
117,
33,
76,
90,
56,
102,
134,
123,
52,
10,
0,
10,
175,
159,
178,
151,
149,
50,
75,
29,
0,
0,
0,
0,
0,
0,
0,
0,
0,
0,
51,
171,
193,
23,
54,
154,
120,
30,
0,
0,
0,
0,
0,
0,
136,
206,
155,
75,
33,
0,
0,
0,
0,
0,
108,
102,
15,
0,
0,
0,
0,
42,
55,
61,
159,
0,
34,
111,
153,
103,
0,
0,
0,
0,
0,
0,
0,
37,
24,
33,
60,
0,
0,
7,
0,
0,
0,
0,
0,
0,
0,
0,
0,
52,
35,
40,
66,
0,
0,
0,
0,
0,
0,
0,
0,
0,
0,
67,
22,
16,
17,
17,
16,
16,
16,
9,
0,
0,
0,
2,
14,
0,
0,
0,
0,
0,
0,
0,
0,
0,
0,
0,
0,
0,
0,
0,
0,
0,
0,
0,
0,
0,
0,
0,
0,
0,
0,
0,
0,
0,
0,
0,
0,
0,
0,
0,
0,
0,
0,
0,
0,
0,
0,
0,
0,
0,
0,
0,
0,
0,
0,
0,
0,
0,
0,
0,
0,
0,
0,
0,
0,
0,
0,
0,
0,
0,
0,
0,
0,
0,
0,
0,
0,
0,
0,
0,
0,
0,
0,
0,
0,
0,
0,
0,
0,
0,
0,
0,
0,
0,
0,
0,
0,
0,
0,
0,
0,
0,
0,
0,
0,
0,
0,
0,
0,
0,
0,
0,
0,
0,
0,
0,
0,
0,
0,
0,
0,
0,
0,
0,
0,
0,
0,
0,
0,
0,
0,
0,
0,
0,
0,
0,
0,
0,
0,
0,
0,
0,
0,
0,
0,
0,
0,
0,
0,
0,
0,
0,
26,
0,
0,
15,
0,
0,
0,
0,
0,
0,
0,
0,
0,
0,
0,
0,
0,
0,
0,
53,
0,
153,
67,
49,
54,
3,
0,
0,
0,
0,
0,
11,
0,
16,
11,
66,
0,
53,
0,
0,
0,
0,
0,
0,
0,
0,
0,
12,
0,
51,
75,
126,
0,
91,
0,
0,
0,
0,
0,
0,
0,
0,
0,
15,
0,
75,
104,
108,
20,
1,
0,
0,
0,
0,
0,
0,
0,
0,
0,
8,
44,
127,
166,
180,
144,
90,
3,
0,
0,
0,
0,
0,
0,
0,
0,
0,
0,
0,
0,
0,
0,
0,
0,
0,
0,
0,
0,
0,
0,
0,
0,
44,
160,
152,
153,
154,
151,
151,
116,
94,
0,
0,
0,
79,
147,
190,
0,
0,
0,
0,
0,
0,
0,
0,
0,
0,
0,
0,
0,
0,
0,
18,
0,
0,
0,
0,
0,
0,
0,
0,
0,
0,
1,
0,
0,
0,
0,
0,
0,
0,
0,
0,
0,
0,
0,
0,
0,
12,
0,
0,
8,
0,
0,
0,
0,
0,
0,
0,
0,
0,
0,
0,
0,
0,
0,
0,
23,
0,
0,
0,
0,
0,
0,
0,
0,
0,
0,
0,
0,
0,
86,
76,
3,
0,
0,
0,
0,
0,
0,
0,
0,
0,
0,
0,
0,
0,
0,
0,
0,
38,
60,
105,
0,
0,
0,
14,
114,
154,
218,
83,
21,
42,
10,
16,
24,
6,
3,
109,
3,
0,
255,
199,
175,
73,
0,
4,
94,
115,
73,
88,
98,
108,
99,
115,
0,
0,
71,
38,
41,
48,
45,
0,
1,
86,
110,
115,
31,
0,
0,
18,
0,
0,
0,
0,
63,
45,
0,
0,
0,
0,
27,
26,
73,
110,
48,
0,
0,
0,
0,
51,
19,
5,
0,
0,
0,
97,
140,
92,
52,
72,
28,
1,
0,
0,
0,
13,
30,
0,
0,
0,
44,
67,
16,
75,
167,
163,
0,
0,
0,
0,
0,
0,
0,
0,
0,
0,
0,
58,
160,
189,
52,
0,
0,
0,
0,
0,
0,
0,
0,
0,
0,
58,
205,
235,
98,
0,
0,
0,
0,
0,
0,
0,
0,
0,
0,
0,
0,
0,
0,
0,
0,
0,
0,
0,
0,
0,
0,
0,
0,
0,
0,
0,
0,
0,
0,
0,
0,
0,
73,
0,
0,
0,
0,
0,
28,
0,
0,
0,
0,
0,
0,
0,
0,
0,
117,
69,
0,
0,
0,
0,
88,
45,
20,
0,
0,
0,
0,
0,
0,
0,
99,
113,
15,
19,
0,
0,
133,
219,
109,
0,
0,
0,
0,
0,
0,
0,
0,
8,
104,
145,
0,
0,
0,
187,
132,
0,
0,
10,
8,
0,
0,
0,
0,
0,
30,
194,
0,
0,
49,
147,
85,
0,
0,
6,
2,
79,
29,
0,
0,
0,
0,
96,
76,
0,
16,
68,
27,
0,
0,
0,
0,
0,
37,
0,
0,
0,
0,
49,
145,
0,
0,
0,
0,
0,
0,
0,
0,
0,
0,
0,
0,
0,
0,
9,
131,
0,
0,
0,
4,
0,
0,
0,
0,
0,
0,
0,
0,
0,
3,
84,
65,
0,
0,
0,
0,
0,
0,
0,
0,
0,
0,
0,
10,
0,
19,
117,
14,
0,
0,
0,
0,
0,
0,
0,
0,
0,
0,
0,
0,
0,
0,
18,
0,
0,
0,
0,
0,
0,
0,
58,
82,
0,
0,
0,
0,
0,
0,
0,
0,
0,
0,
0,
0,
0,
1,
212,
243,
0,
0,
0,
0,
0,
0,
0,
0,
0,
0,
0,
0,
0,
27,
255,
241,
12,
0,
0,
0,
0,
0,
31,
47,
0,
0,
0,
0,
0,
0,
72,
70,
0,
0,
0,
0,
0,
0,
0,
0,
135,
192,
138,
138,
137,
137,
137,
138,
157,
144,
122,
118,
127,
141,
196,
60,
89,
111,
74,
74,
74,
73,
85,
75,
68,
0,
0,
0,
61,
83,
87,
68,
198,
181,
158,
161,
184,
179,
177,
149,
45,
0,
0,
0,
85,
168,
180,
149,
164,
147,
81,
151,
187,
156,
82,
78,
0,
0,
0,
0,
0,
94,
144,
156,
0,
0,
0,
61,
180,
101,
30,
37,
14,
0,
0,
0,
0,
0,
17,
149,
0,
0,
0,
0,
60,
0,
5,
0,
0,
0,
0,
0,
0,
0,
0,
99,
0,
0,
0,
0,
0,
0,
0,
0,
0,
0,
0,
0,
0,
0,
0,
22,
0,
0,
0,
0,
0,
0,
0,
0,
0,
0,
0,
0,
0,
0,
0,
0,
0,
0,
0,
0,
0,
0,
0,
0,
0,
0,
0,
0,
0,
0,
0,
0,
0,
0,
0,
0,
0,
0,
0,
0,
0,
0,
0,
0,
0,
0,
0,
24,
0,
0,
0,
0,
0,
0,
0,
0,
0,
0,
0,
0,
0,
0,
0,
60,
0,
0,
0,
0,
0,
0,
0,
0,
0,
0,
0,
0,
0,
0,
0,
59,
0,
0,
0,
0,
0,
0,
0,
0,
0,
0,
0,
0,
0,
0,
34,
85,
16,
0,
0,
0,
0,
0,
0,
0,
0,
0,
0,
0,
0,
0,
108,
138,
56,
0,
0,
0,
0,
0,
0,
0,
0,
0,
0,
0,
38,
86,
153,
131,
32,
0,
0,
0,
0,
0,
0,
0,
0,
0,
68,
114,
123,
110,
86,
84,
0,
0,
0,
0,
0,
0,
0,
0,
0,
0,
0,
0,
0,
0,
0,
70,
0,
0,
0,
0,
0,
0,
0,
0,
0,
0,
0,
0,
0,
0,
0,
0,
0,
0,
2,
0,
0,
0,
0,
0,
0,
0,
0,
0,
0,
4,
0,
22,
0,
0,
21,
30,
0,
0,
0,
0,
0,
0,
0,
0,
0,
0,
7,
33,
0,
0,
0,
0,
0,
0,
0,
0,
0,
0,
0,
0,
0,
0,
0,
0,
0,
0,
0,
0,
0,
0,
0,
0,
0,
0,
23,
0,
0,
0,
0,
0,
0,
0,
0,
0,
0,
0,
0,
0,
0,
0,
0,
0,
0,
0,
0,
0,
0,
0,
0,
0,
0,
0,
24,
0,
0,
0,
0,
0,
0,
0,
0,
0,
0,
0,
0,
0,
0,
0,
0,
0,
0,
0,
0,
0,
0,
0,
0,
0,
0,
0,
0,
0,
0,
0,
0,
0,
0,
0,
0,
0,
0,
0,
0,
0,
0,
0,
0,
0,
0,
0,
0,
0,
0,
0,
0,
0,
0,
0,
0,
0,
0,
0,
0,
86,
0,
0,
0,
0,
0,
0,
0,
0,
0,
0,
0,
0,
0,
0,
0,
42,
71,
0,
0,
0,
85,
53,
0,
0,
0,
0,
0,
0,
0,
10,
0,
0,
0,
0,
0,
0,
0,
0,
0,
0,
0,
0,
0,
0,
0,
116,
0,
0,
0,
0,
0,
0,
0,
0,
0,
0,
0,
0,
0,
0,
0,
86,
118,
54,
38,
10,
0,
0,
0,
0,
0,
0,
0,
0,
0,
0,
255,
94,
124,
125,
126,
126,
125,
123,
140,
145,
157,
183,
144,
127,
179,
57,
0,
0,
0,
0,
0,
0,
0,
0,
0,
0,
0,
0,
0,
0,
0,
0,
0,
0,
0,
0,
0,
0,
3,
26,
0,
0,
0,
0,
0,
0,
0,
0,
0,
0,
44,
12,
0,
0,
0,
0,
0,
17,
55,
33,
2,
28,
49,
0,
26,
0,
50,
6,
0,
0,
0,
0,
0,
17,
0,
0,
0,
6,
84,
0,
84,
23,
0,
0,
71,
16,
0,
0,
48,
60,
43,
0,
11,
0,
0,
0,
0,
0,
0,
0,
109,
0,
52,
127,
67,
0,
0,
0,
0,
0,
0,
0,
0,
0,
0,
0,
0,
0,
252,
21,
0,
0,
0,
0,
6,
0,
0,
0,
149,
51,
0,
27,
0,
0,
11,
0,
0,
10,
52,
31,
0,
0,
0,
0,
7,
0,
0,
0,
0,
0,
0,
0,
0,
0,
0,
0,
0,
0,
0,
0,
0,
0,
0,
0,
0,
0,
0,
0,
0,
0,
0,
0,
0,
0,
0,
0,
0,
0,
0,
0,
0,
0,
0,
0,
0,
0,
0,
0,
0,
0,
0,
0,
0,
0,
0,
0,
0,
0,
0,
0,
0,
0,
0,
0,
0,
0,
0,
0,
0,
0,
0,
0,
0,
0,
0,
0,
0,
0,
0,
0,
0,
0,
0,
0,
0,
0,
0,
0,
0,
0,
0,
0,
0,
0,
0,
0,
0,
1,
9,
0,
0,
0,
0,
0,
0,
0,
0,
0,
0,
0,
0,
0,
0,
0,
0,
0,
0,
0,
0,
0,
0,
0,
0,
0,
0,
0,
0,
0,
0,
0,
0,
0,
37,
0,
26,
27,
26,
26,
12,
9,
0,
0,
0,
66,
42,
37,
50,
3,
67,
26,
29,
32,
0,
0,
0,
0,
0,
19,
2,
0,
4,
40,
50,
2,
56,
0,
0,
28,
0,
0,
0,
8,
0,
0,
0,
0,
13,
0,
8,
12,
14,
0,
0,
63,
3,
0,
0,
0,
0,
0,
0,
0,
0,
0,
47,
5,
39,
0,
0,
0,
0,
5,
74,
0,
0,
0,
0,
0,
0,
0,
0,
1,
7,
0,
0,
0,
0,
0,
0,
0,
0,
0,
0,
0,
0,
0,
0,
0,
0,
0,
0,
0,
0,
0,
0,
0,
0,
0,
0,
0,
0,
0,
0,
0,
0,
0,
0,
0,
0,
0,
0,
0,
0,
0,
0,
0,
0,
0,
0,
0,
0,
0,
10,
86,
65,
28,
16,
0,
0,
0,
0,
0,
0,
0,
0,
0,
0,
88,
126,
163,
131,
73,
63,
122,
36,
0,
0,
0,
0,
0,
0,
0,
77,
131,
93,
0,
0,
0,
0,
0,
0,
0,
0,
0,
0,
0,
0,
0,
16,
156,
196,
123,
38,
3,
61,
121,
0,
0,
0,
0,
0,
0,
0,
0,
0,
53,
74,
33,
6,
50,
110,
111,
53,
0,
0,
0,
0,
0,
0,
0,
0,
0,
0,
0,
0,
0,
17,
0,
0,
0,
0,
0,
0,
0,
0,
0,
0,
0,
0,
0,
0,
0,
0,
0,
0,
0,
0,
0,
0,
0,
0,
0,
0,
8,
0,
0,
0,
0,
0,
0,
0,
0,
0,
0,
0,
0,
0,
0,
0,
32,
19,
18,
18,
18,
19,
7,
0,
0,
0,
0,
15,
16,
26,
0,
0,
17,
8,
13,
26,
23,
19,
0,
0,
0,
0,
0,
0,
1,
7,
0,
0,
0,
0,
7,
26,
0,
0,
0,
0,
0,
0,
0,
0,
0,
0,
0,
0,
0,
0,
0,
22,
0,
0,
0,
0,
0,
0,
0,
0,
0,
0,
0,
0,
0,
0,
0,
0,
0,
0,
0,
0,
0,
0,
13,
0,
0,
0,
0,
0,
0,
0,
0,
0,
0,
0,
0,
0,
0,
0,
0,
0,
0,
0,
0,
0,
0,
0,
0,
0,
0,
0,
0,
0,
0,
0,
0,
0,
0,
0,
0,
0,
0,
0,
0,
0,
0,
0,
0,
0,
0,
0,
0,
0,
0,
0,
0,
0,
0,
0,
0,
0,
0,
0,
0,
0,
0,
19,
0,
0,
14,
20,
0,
0,
32,
91,
65,
54,
0,
0,
0,
0,
0,
0,
0,
0,
0,
13,
0,
47,
116,
105,
124,
118,
132,
118,
101,
34,
18,
24,
12,
68,
44,
6,
0,
15,
22,
63,
61,
47,
62,
86,
56,
54,
92,
114,
118,
123,
46,
0,
0,
0,
0,
0,
0,
0,
0,
49,
23,
149,
112,
72,
11,
0,
0,
0,
0,
0,
0,
0,
0,
0,
0,
0,
0,
0,
0,
0,
0,
0,
0,
0,
0,
0,
0,
0,
0,
0,
0,
0,
0,
0,
0,
0,
0,
0,
0,
0,
0,
0,
0,
0,
0,
0,
0,
0,
0,
0,
0,
0,
0,
0,
0,
0,
0,
0,
0,
0,
0,
0,
0,
0,
0,
0,
0,
0,
0,
0,
0,
0,
0,
0,
0,
0,
0,
0,
0,
0,
0,
0,
0,
0,
0,
0,
0,
0,
0,
0,
0,
0,
0,
0,
0,
0,
0,
0,
62,
124,
25,
0,
0,
0,
0,
0,
0,
0,
0,
0,
0,
0,
0,
0,
0,
0,
0,
0,
0,
0,
0,
0,
14,
0,
0,
0,
0,
0,
0,
0,
0,
0,
0,
0,
0,
0,
0,
0,
0,
0,
0,
0,
0,
0,
0,
0,
0,
0,
0,
0,
0,
0,
0,
0,
0,
0,
0,
20,
71,
0,
0,
0,
0,
58,
54,
66,
25,
0,
0,
21,
0,
93,
148,
17,
0,
0,
0,
0,
0,
0,
0,
0,
0,
0,
0,
0,
0,
0,
0,
0,
0,
0,
0,
0,
0,
0,
0,
0,
0,
0,
0,
0,
0,
0,
0,
0,
0,
0,
0,
0,
0,
0,
0,
0,
0,
0,
0,
0,
0,
0,
0,
0,
0,
0,
129,
255,
255,
254,
99,
0,
0,
0,
0,
0,
0,
0,
0,
0,
0,
0,
0,
0,
0,
0,
0,
0,
0,
0,
0,
0,
0,
0,
0,
0,
0,
0,
0,
0,
0,
0,
0,
0,
0,
0,
0,
0,
0,
0,
0,
0,
0,
0,
0,
0,
0,
0,
15,
29,
10,
0,
0,
57,
8,
0,
0,
0,
0,
52,
60,
24,
0,
0,
0,
0,
0,
0,
0,
0,
0,
0,
0,
0,
0,
0,
0,
0,
0,
0,
0,
0,
0,
0,
0,
0,
0,
0,
0,
0,
0,
0,
0,
0,
0,
0,
0,
0,
0,
6,
0,
0,
0,
0,
0,
0,
0,
0,
0,
26,
71,
74,
68,
21,
0,
0,
0,
0,
0,
0,
3,
0,
0,
0,
0,
0,
0,
0,
0,
0,
0,
16,
9,
118,
229,
77,
47,
0,
0,
0,
0,
0,
0,
0,
45,
87,
65,
25,
0,
0,
0,
0,
0,
88,
34,
77,
118,
101,
0,
0,
0,
0,
0,
0,
0,
0,
0,
0,
0,
0,
0,
35,
0,
0,
0,
0,
51,
0,
0,
20,
0,
0,
0,
18,
0,
0,
0,
0,
0,
0,
0,
0,
0,
0,
0,
0,
0,
0,
0,
0,
0,
0,
0,
0,
0,
0,
0,
0,
0,
0,
0,
0,
0,
0,
0,
0,
0,
0,
0,
0,
0,
0,
0,
0,
0,
0,
15,
57,
22,
0,
0,
117,
169,
71,
67,
135,
255,
218,
212,
255,
222,
123,
45,
40,
22,
0,
0,
0,
0,
0,
0,
0,
0,
95,
79,
0,
0,
0,
0,
0,
0,
0,
0,
0,
0,
0,
0,
0,
0,
0,
0,
0,
0,
0,
0,
0,
0,
0,
0,
40,
63,
63,
0,
0,
0,
0,
0,
0,
0,
0,
0,
0,
0,
0,
0,
33,
94,
112,
64,
0,
0,
0,
0,
0,
0,
0,
0,
0,
0,
0,
0,
0,
0,
0,
0,
0,
0,
0,
0,
0,
0,
0,
0,
0,
0,
241,
0,
0,
0,
0,
0,
0,
0,
6,
16,
0,
0,
0,
0,
0,
0,
183,
0,
0,
0,
0,
0,
0,
0,
1,
16,
6,
0,
0,
0,
1,
0,
198,
0,
8,
7,
5,
16,
28,
25,
6,
0,
9,
0,
0,
0,
20,
0,
255,
13,
0,
0,
3,
25,
15,
0,
0,
0,
22,
4,
0,
0,
0,
0,
255,
0,
0,
0,
52,
57,
0,
0,
0,
0,
0,
0,
0,
4,
0,
0,
255,
0,
0,
0,
46,
0,
0,
13,
0,
0,
0,
0,
0,
91,
0,
0,
255,
0,
0,
0,
0,
0,
0,
36,
0,
0,
0,
0,
0,
33,
0,
0,
255,
0,
0,
0,
0,
0,
0,
0,
0,
0,
0,
0,
0,
3,
39,
0,
255,
0,
0,
0,
61,
0,
0,
0,
0,
0,
0,
0,
0,
0,
0,
0,
255,
0,
0,
0,
17,
35,
0,
0,
0,
0,
0,
0,
0,
0,
0,
0,
177,
0,
0,
0,
0,
0,
0,
0,
0,
0,
0,
0,
0,
0,
8,
0,
22,
0,
0,
0,
0,
60,
0,
0,
0,
0,
0,
0,
0,
0,
70,
0,
0,
0,
0,
0,
0,
0,
0,
0,
0,
0,
0,
0,
28,
144,
186,
0,
0,
0,
0,
0,
0,
0,
0,
0,
0,
7,
103,
160,
157,
230,
206,
0,
0,
0,
0,
0,
0,
0,
0,
0,
0,
168,
211,
222,
221,
240,
192,
0,
0,
0,
0,
13,
5,
0,
0,
0,
43,
141,
210,
160,
149,
172,
149,
0,
0,
7,
0,
0,
0,
0,
0,
0,
0,
0,
0,
0,
0,
0,
7,
0,
0,
85,
64,
63,
62,
64,
66,
51,
73,
89,
0,
2,
43,
59,
103,
74,
0,
6,
6,
8,
20,
0,
3,
7,
0,
0,
0,
0,
0,
7,
17,
0,
0,
0,
0,
10,
47,
16,
0,
0,
0,
0,
0,
0,
0,
0,
11,
0,
0,
0,
0,
0,
52,
29,
0,
0,
0,
0,
0,
0,
0,
0,
0,
0,
0,
0,
0,
0,
0,
0,
0,
0,
0,
0,
0,
0,
0,
0,
0,
0,
0,
0,
0,
0,
0,
0,
0,
0,
0,
0,
0,
0,
0,
0,
0,
0,
0,
0,
0,
0,
0,
0,
0,
0,
0,
0,
0,
0,
0,
0,
0,
0,
0,
0,
0,
0,
0,
0,
0,
0,
0,
0,
0,
0,
0,
0,
0,
0,
0,
0,
0,
0,
0,
0,
0,
0,
0,
0,
0,
0,
0,
0,
0,
0,
0,
0,
0,
0,
0,
0,
0,
0,
0,
0,
0,
0,
0,
0,
0,
0,
98,
0,
20,
0,
0,
9,
0,
0,
0,
0,
0,
0,
0,
0,
0,
0,
135,
25,
0,
0,
19,
155,
0,
0,
0,
0,
0,
0,
0,
0,
0,
0,
146,
50,
0,
0,
21,
234,
61,
0,
0,
0,
0,
0,
0,
0,
0,
0,
0,
0,
0,
0,
0,
159,
142,
0,
0,
0,
0,
0,
0,
0,
0,
0,
0,
0,
0,
0,
0,
0,
7,
0,
0,
0,
0,
0,
0,
10,
0,
0,
15,
48,
0,
0,
0,
0,
0,
0,
0,
0,
0,
0,
0,
0,
0,
0,
134,
4,
0,
0,
0,
0,
0,
0,
0,
0,
0,
0,
2,
0,
0,
0,
95,
11,
0,
0,
0,
0,
0,
0,
0,
0,
0,
0,
72,
36,
0,
0,
88,
0,
0,
33,
0,
0,
0,
0,
0,
0,
0,
0,
0,
0,
0,
0,
64,
0,
0,
88,
0,
0,
21,
5,
0,
0,
9,
0,
0,
0,
4,
0,
18,
0,
0,
0,
0,
0,
160,
0,
0,
0,
0,
0,
0,
0,
0,
0,
72,
0,
0,
0,
0,
0,
40,
0,
0,
0,
85,
55,
0,
0,
0,
0,
0,
0,
0,
0,
0,
0,
0,
0,
0,
0,
0,
0,
0,
0,
0,
0,
0,
0,
0,
0,
0,
0,
0,
0,
0,
0,
0,
0,
24,
0,
0,
0,
0,
127,
72,
42,
0,
0,
0,
13,
0,
0,
22,
0,
0,
0,
0,
0,
0,
72,
50,
9,
0,
0,
0,
47,
33,
6,
18,
0,
0,
0,
0,
0,
0,
0,
0,
0,
0,
0,
0,
0,
0,
0,
0,
0,
0,
0,
0,
0,
0,
49,
96,
8,
0,
0,
0,
68,
0,
0,
0,
0,
0,
0,
0,
0,
0,
105,
33,
0,
0,
0,
0,
126,
35,
0,
0,
0,
0,
0,
0,
0,
0,
110,
0,
0,
0,
0,
0,
47,
0,
0,
62,
28,
0,
0,
0,
0,
15,
81,
2,
0,
0,
0,
0,
27,
52,
49,
40,
25,
0,
0,
0,
0,
0,
0,
0,
0,
0,
0,
0,
0,
0,
0,
0,
0,
0,
0,
31,
0,
0,
24,
43,
44,
44,
41,
43,
21,
67,
0,
0,
0,
20,
35,
122,
0,
0,
0,
0,
0,
0,
0,
0,
0,
0,
0,
0,
0,
0,
0,
61,
0,
0,
0,
0,
0,
21,
0,
0,
53,
33,
49,
0,
0,
0,
0,
42,
0,
0,
0,
0,
0,
0,
19,
0,
41,
45,
23,
18,
0,
0,
0,
0,
0,
18,
0,
0,
0,
0,
0,
0,
0,
0,
53,
9,
38,
0,
0,
0,
0,
0,
0,
0,
0,
22,
0,
0,
0,
0,
0,
42,
0,
48,
0,
0,
0,
0,
0,
0,
0,
111,
110,
0,
0,
0,
0,
0,
0,
0,
0,
0,
0,
0,
0,
0,
0,
0,
120,
102,
138,
0,
0,
81,
0,
0,
6,
0,
0,
0,
0,
38,
0,
0,
0,
82,
108,
0,
0,
0,
0,
0,
0,
0,
0,
0,
0,
0,
0,
0,
0,
0,
0,
0,
0,
0,
0,
0,
0,
0,
0,
0,
0,
54,
0,
0,
0,
0,
0,
0,
0,
0,
0,
0,
0,
0,
0,
0,
0,
16,
0,
0,
0,
0,
21,
0,
0,
0,
0,
0,
0,
0,
0,
0,
0,
0,
0,
0,
0,
0,
0,
0,
0,
0,
0,
0,
0,
0,
0,
25,
0,
0,
0,
0,
0,
0,
0,
0,
0,
0,
0,
0,
0,
0,
0,
56,
0,
0,
0,
0,
0,
0,
0,
0,
0,
0,
0,
0,
0,
0,
0,
