54,
94,
59,
120,
37,
0,
0,
0,
0,
0,
0,
24,
0,
0,
0,
0,
0,
0,
0,
0,
0,
0,
0,
0,
0,
0,
0,
37,
0,
0,
0,
37,
157,
107,
146,
65,
66,
63,
125,
0,
22,
255,
255,
0,
56,
255,
145,
0,
0,
0,
0,
0,
42,
45,
14,
36,
0,
0,
0,
62,
0,
0,
0,
35,
0,
0,
0,
0,
17,
18,
0,
0,
208,
33,
0,
0,
150,
0,
0,
0,
0,
0,
0,
0,
0,
0,
0,
0,
0,
0,
0,
0,
96,
0,
48,
41,
0,
0,
0,
0,
186,
13,
9,
0,
72,
2,
0,
0,
0,
0,
0,
0,
0,
0,
0,
0,
153,
0,
0,
0,
145,
0,
0,
10,
39,
0,
0,
116,
0,
0,
0,
0,
0,
0,
0,
0,
0,
0,
0,
0,
0,
0,
0,
0,
0,
0,
0,
10,
0,
0,
0,
0,
80,
0,
0,
0,
232,
0,
0,
0,
0,
0,
0,
39,
66,
0,
59,
111,
148,
102,
144,
102,
131,
61,
0,
0,
0,
0,
0,
0,
0,
0,
0,
0,
0,
0,
0,
0,
73,
0,
0,
0,
12,
0,
0,
0,
0,
0,
0,
0,
113,
0,
0,
0,
106,
1,
0,
0,
0,
0,
0,
0,
0,
0,
0,
0,
50,
55,
92,
58,
0,
0,
0,
0,
0,
0,
0,
5,
0,
0,
0,
0,
59,
0,
0,
0,
47,
0,
0,
0,
0,
17,
0,
51,
0,
0,
0,
100,
94,
0,
0,
80,
114,
0,
0,
0,
0,
0,
0,
0,
89,
100,
0,
44,
255,
86,
0,
35,
0,
0,
39,
54,
77,
0,
0,
0,
58,
0,
0,
0,
0,
0,
0,
22,
0,
0,
0,
0,
0,
0,
0,
0,
0,
0,
0,
0,
37,
0,
0,
0,
94,
0,
0,
0,
0,
0,
45,
36,
9,
61,
89,
44,
0,
0,
0,
0,
0,
0,
0,
0,
0,
0,
54,
64,
0,
0,
0,
1,
0,
0,
0,
0,
0,
0,
0,
0,
0,
0,
0,
0,
23,
0,
0,
0,
61,
0,
0,
0,
84,
45,
0,
0,
108,
0,
0,
77,
65,
0,
0,
4,
100,
70,
207,
146,
24,
0,
165,
139,
87,
42,
68,
51,
0,
0,
0,
0,
0,
0,
0,
0,
30,
0,
0,
0,
0,
2,
0,
0,
0,
144,
255,
118,
0,
158,
252,
0,
0,
0,
0,
0,
0,
0,
0,
0,
0,
0,
0,
0,
179,
44,
20,
0,
86,
0,
42,
0,
0,
0,
0,
0,
0,
0,
5,
103,
0,
0,
0,
0,
136,
45,
0,
0,
0,
0,
0,
0,
0,
0,
0,
0,
0,
0,
0,
0,
0,
0,
58,
0,
13,
0,
16,
5,
48,
0,
45,
0,
110,
0,
0,
0,
0,
0,
43,
0,
38,
0,
22,
34,
11,
0,
0,
71,
89,
0,
0,
165,
0,
0,
0,
0,
0,
0,
58,
6,
95,
6,
77,
59,
0,
0,
0,
0,
0,
0,
0,
0,
134,
82,
101,
184,
63,
73,
0,
20,
0,
0,
0,
0,
27,
0,
0,
0,
171,
255,
188,
134,
0,
134,
0,
14,
0,
0,
0,
35,
0,
0,
0,
25,
0,
29,
60,
0,
0,
49,
0,
0,
0,
0,
0,
0,
0,
0,
0,
0,
0,
0,
0,
0,
0,
0,
0,
0,
0,
0,
0,
0,
12,
0,
0,
0,
44,
0,
0,
0,
28,
0,
0,
0,
12,
7,
0,
0,
0,
133,
187,
0,
0,
0,
0,
0,
31,
0,
0,
0,
59,
0,
0,
0,
105,
30,
26,
0,
0,
0,
0,
0,
0,
0,
0,
207,
48,
0,
147,
255,
21,
0,
84,
85,
0,
0,
0,
0,
0,
0,
0,
0,
0,
0,
0,
0,
0,
0,
0,
0,
18,
41,
7,
53,
0,
0,
0,
0,
0,
0,
0,
0,
0,
0,
141,
95,
84,
82,
107,
78,
0,
0,
0,
0,
0,
0,
0,
0,
5,
0,
0,
0,
0,
0,
8,
61,
0,
0,
0,
0,
68,
0,
0,
0,
153,
62,
0,
0,
0,
44,
0,
17,
0,
59,
0,
0,
0,
136,
55,
28,
33,
0,
0,
0,
169,
9,
0,
155,
16,
0,
0,
32,
0,
0,
0,
0,
0,
0,
46,
32,
56,
0,
7,
0,
60,
0,
0,
133,
0,
0,
0,
100,
0,
40,
51,
0,
0,
27,
45,
10,
0,
0,
0,
0,
0,
0,
0,
0,
0,
0,
0,
0,
18,
15,
37,
0,
29,
28,
59,
0,
199,
0,
0,
84,
53,
0,
89,
253,
0,
0,
0,
0,
0,
0,
0,
120,
0,
0,
0,
26,
54,
0,
0,
0,
27,
0,
0,
0,
1,
0,
0,
32,
0,
0,
136,
84,
6,
133,
117,
0,
19,
0,
0,
45,
0,
0,
0,
0,
82,
124,
153,
0,
255,
116,
64,
0,
79,
31,
76,
0,
143,
10,
0,
0,
0,
0,
0,
0,
158,
47,
0,
0,
16,
0,
14,
12,
114,
0,
0,
0,
0,
0,
11,
1,
0,
0,
0,
0,
34,
50,
146,
0,
67,
29,
165,
111,
135,
97,
144,
94,
65,
53,
32,
16,
0,
0,
0,
32,
32,
3,
64,
59,
0,
0,
2,
36,
0,
0,
124,
42,
0,
0,
0,
0,
130,
0,
0,
0,
255,
15,
0,
0,
53,
59,
0,
0,
0,
9,
24,
0,
0,
0,
29,
49,
0,
0,
0,
0,
70,
0,
0,
0,
0,
0,
0,
8,
24,
0,
0,
0,
0,
0,
0,
0,
0,
0,
0,
0,
0,
0,
0,
0,
227,
102,
213,
175,
121,
26,
0,
0,
0,
38,
68,
22,
0,
0,
0,
0,
0,
0,
0,
20,
0,
0,
0,
57,
0,
0,
0,
0,
10,
0,
0,
0,
0,
0,
0,
0,
0,
0,
0,
0,
0,
0,
0,
61,
0,
0,
0,
0,
0,
0,
0,
0,
0,
0,
0,
83,
0,
0,
255,
255,
54,
0,
0,
0,
0,
0,
0,
0,
0,
0,
0,
0,
0,
0,
0,
0,
77,
152,
217,
202,
0,
0,
0,
0,
0,
0,
0,
0,
24,
0,
34,
80,
0,
0,
0,
0,
0,
0,
0,
0,
0,
4,
87,
0,
0,
87,
37,
0,
